-0.019310314
-0.027763888
-0.016813044
-0.021156071
-0.02531213
-0.022168338
-0.021510949
-0.013857763
-0.008738225
-0.018125659
-0.014756247
-0.013160941
0.001518363
-0.003245605
0.000672924
-0.000491401
0.016464464
0.017234328
0.017330722
0.029643466
0.010076081
0.024546966
0.03227935
0.024710901
0.036912045
0.066932982
0.039128135
0.053611505
0.049663374
0.028976205
0.025716841
-0.003936402
0.005747501
0.010202977
-0.009461496
0.003810816
0.006779709
-0.001285534
-0.002175026
-0.001730948
-0.011324785
0.000873183
0.008666166
0.005173815
0.011859101
0.020608597
0.011770795
0.010310954
0.002602298
-0.010544591
0.00014906
-0.014618261
-0.029749962
-0.016623149
-0.020598304
-0.02474125
-0.021024045
-0.050925664
-0.036331671
-0.041486157
-0.045201564
-0.05245404
-0.035604231
-0.039784834
-0.03836272
-0.032588494
-0.039008992
-0.018757779
-0.007460634
-0.019647145
-0.006727671
-0.002733208
-0.001962215
0.019436805
0.014832899
0.00906137
0.023636683
0.023919493
0.019201351
0.035071905
0.016083706
0.041159732
0.041021566
0.027603454
0.031590656
0.02683544
0.01477074
0.031859248
0.040665716
0.015666489
0.026990458
0.019335581
0.000630957
0.008187117
0.005856824
-0.003957434
-0.006162383
-0.010923573
-0.020613638
-0.012894196
-0.008890097
-0.022502307
-0.020068521
-0.04488347
-0.026355563
-0.040119105
-0.057042996
-0.041835849
-0.04783802
-0.056859388
-0.05368117
-0.052504976
-0.063932776
-0.042606893
-0.032400351
-0.04084032
-0.026664402
-0.014305294
-0.018815494
-0.01310739
-0.007286407
0.015666786
0.004598007
0.008696101
-0.004323508
0.00203446
-0.004046455
0.00934593
0.015240582
-0.001100573
0.018149849
0.020536956
0.028515776
0.013574867
0.04857948
0.022334422
0.023827912
0.035247149
0.007435226
0.030753882
0.016882069
0.01152502
0.017973215
0.019961742
0.009131717
0.012230785
0.023131736
0.025129878
0.03500087
0.033901863
0.039822861
0.049940603
0.034343659
0.061843855
0.051721064
0.05415496
0.060971615
0.056448889
0.037575356
0.048241562
0.068247057
0.029844426
0.052732184
0.042560448
0.030669603
0.040463835
0.039530709
0.031989161
0.024122847
0.010840394
-0.020237498
-0.006941734
-0.016656515
-0.005766907
-0.005490244
-0.035696719
-0.007267821
-0.015098704
-0.040585696
-0.035898986
-0.038669129
-0.024935386
-0.021544968
-0.034704142
-0.045697057
-0.037668571
-0.037936559
-0.05112108
-0.041811885
-0.070404934
-0.056951273
-0.066028367
-0.059692803
-0.069149077
-0.034809153
-0.047760997
-0.050382856
-0.02520914
-0.034678707
-0.006021228
-0.019116069
-0.023499543
-0.003843055
-0.008595311
-0.023565538
-0.003811059
0.015209377
0.011545707
-0.002620479
0.004804181
-0.02835279
-0.001234815
-0.015413562
-0.008307871
0.003807228
0.005666608
0.003087018
0.020069924
-0.022446522
0.005954423
0.014852697
-0.01414222
0.022228191
0.011062943
0.011974287
0.033604084
0.036556649
0.03210384
0.059513665
0.042985248
0.043372078
0.050127026
0.076616851
0.049359143
0.060666716
0.041598087
0.049396918
0.046398769
0.012153514
0.024438178
0.03118515
-0.00096886
-0.006719831
-0.017567269
-0.034381915
-0.017779271
-0.018133267
-0.051730641
-0.025571878
-0.027844712
-0.044386935
-0.038485172
-0.044366093
-0.039557667
-0.008933409
-0.028488964
-0.037102226
-0.015157849
-0.017344016
-0.004444361
0.006716191
-0.013901935
0.019774518
0.016941876
0.010549072
0.039187867
0.032525372
0.036702939
0.034932884
0.059507367
0.031892439
0.077879924
0.05034167
0.054586933
0.066119146
0.070454146
0.038577218
0.035790458
0.023950002
0.014859107
0.004466257
-0.016384232
-0.034560708
-0.02415822
-0.063652982
-0.052320802
-0.062071223
-0.081940489
-0.071215305
-0.065842543
-0.063945672
-0.049746061
-0.01286895
-0.042429911
-0.003880987
-0.012858731
-0.017324215
-0.002991074
-0.014821636
-0.021371379
-0.003549008
-0.01944471
-0.028902656
-0.025100165
-0.008586037
-0.02870615
-0.013279138
-0.046188151
-0.005198403
0.01626832
-0.015357031
0.00979469
0.012026592
0.009745794
0.020304962
0.02269005
-0.005558866
0.023362557
0.025051624
0.012982445
0.016516967
-0.014736674
0.008187081
-0.000556435
0.005141066
0.003930454
0.010086977
0.001489422
-0.010265128
0.003625154
-0.020773614
-0.006777805
-0.001861316
-0.024867704
0.000952057
0.001117781
-0.00289837
0.007327158
0.006933361
0.013866654
0.001649662
0.014434397
0.004723056
0.009681968
0.017023908
0.009348463
0.011677669
0.017926029
0.009491177
0.005780859
0.00060519
-0.002680464
0.015990811
-0.003057915
0.009604794
0.012217027
-0.006043338
0.019451836
0.003620279
-0.002365801
