0.013329866
0.010475651
0.007975367
0.011054814
0.010192151
0.009212632
0.001040894
-0.003518187
-0.016887173
-0.01917225
-0.021451738
-0.02288894
-0.030412418
-0.028360214
-0.033294062
-0.035519789
-0.045376976
-0.050810885
-0.044642327
-0.042391394
-0.02562085
-0.016926973
-0.010770135
-0.010066116
-0.015951484
-0.013458387
-0.006067554
-0.006372505
0.012434883
0.020220833
0.039292798
0.051142738
0.054388392
0.052845741
0.052912871
0.056041337
0.045440056
0.043520984
0.050943339
0.043028497
0.038677815
0.045448645
0.025183591
0.017041146
0.017172108
0.016055938
0.013627136
0.014646989
0.025635636
0.027743604
0.025873281
0.028948497
0.026654955
0.016183571
0.017706423
0.023972614
0.018450129
0.00820339
-0.000249496
0.000101411
-0.005768633
-0.016840513
-0.024856038
-0.021320781
-0.031194005
-0.03489459
-0.03497244
-0.051399811
-0.049307049
-0.055712282
-0.050886348
-0.057674758
-0.054182013
-0.046911023
-0.051969877
-0.04352137
-0.034904887
-0.026362804
-0.024627611
-0.015682641
-0.017382557
-0.002475822
0.006056399
0.008870516
0.009204371
0.01627267
0.017659034
0.027333592
0.031402198
0.032519773
0.030213811
0.033869727
0.025967592
0.035398328
0.035765302
0.032273158
0.035475795
0.039968564
0.046193091
0.0194761
0.029621208
0.026496643
0.033629797
0.026249778
0.024727636
0.013661572
0.003363575
0.005916254
-0.001340026
-0.013291802
-0.012256149
-0.005522108
-0.022810973
-0.028569836
-0.038088062
-0.036931011
-0.036019906
-0.040552872
-0.04096099
-0.044071107
-0.044967551
-0.045820393
-0.03202627
-0.042936502
-0.045340832
-0.0418565
-0.039584267
-0.041383236
-0.025149915
-0.027587572
-0.028970905
-0.023626761
-0.008102988
-0.00910569
-0.022735627
-0.012449536
-0.007434931
0.005852643
0.012325159
0.018086061
0.010492681
0.015173722
0.018305383
0.016990602
0.007180821
0.01024533
-0.000272639
0.00440608
-0.000764347
-0.016607284
-0.028374828
-0.028240418
-0.024657702
-0.026182516
-0.027285553
-0.02987555
-0.024102194
-0.011849424
0.007759152
0.014087847
0.023911791
0.02560747
0.034826794
0.033924981
0.032259396
0.045399454
0.048958623
0.059585955
0.060912133
0.053598845
0.05022265
0.055001756
0.049346932
0.050860357
0.052839623
0.048611237
0.042466712
0.037802407
0.036400804
0.027689979
0.018324011
0.015397188
0.003904215
-0.007996026
-0.008404696
-0.003978957
0.007990853
0.012651666
0.001046154
-0.00538949
0.000452991
-0.002026429
-0.009204677
-0.015844444
-0.023012507
-0.032819751
-0.034433981
-0.03575859
-0.059718917
-0.060360073
-0.048431957
-0.053938741
-0.053831876
-0.052835989
-0.04438902
-0.041917043
-0.021022909
-0.016416142
-0.018060544
-0.018856046
-0.014818185
-0.014109866
-0.005848909
-0.001188027
-0.005992163
-0.002041749
0.006581301
0.012256063
0.011412277
0.008059667
0.011880471
0.000989315
0.001498031
-0.000103603
-0.002341442
0.001717256
-0.002399393
-0.004587513
-0.002100177
-0.010283809
-0.025799922
-0.005056687
0.012812183
0.025957077
0.035453101
0.038216927
0.041265819
0.042815569
0.053491886
0.062947572
0.059046673
0.063587259
0.066574713
0.057384003
0.039640222
0.037044018
0.035438358
0.031236695
0.024652167
0.024118678
0.010121652
0.002607142
-0.015549198
-0.012312098
-0.016573102
-0.024648684
-0.028323915
-0.030950227
-0.036542467
-0.035690421
-0.031169515
-0.043865317
-0.033247559
-0.038976912
-0.02762848
-0.028018019
-0.01768824
-0.019749706
-0.017962223
-0.013884943
-0.009422909
-0.008631834
-0.012929632
0.001168143
0.008360757
0.012051127
0.017474077
0.027148755
0.034674033
0.051295805
0.054661659
0.060778796
0.051229161
0.058285763
0.049070509
0.043488836
0.037472779
0.034923701
0.021535236
0.01558402
0.002173586
-0.012565578
-0.017390468
-0.026270518
-0.024159171
-0.03299766
-0.030275362
-0.02079287
-0.036433555
-0.020118266
-0.011795849
-0.031352459
-0.029991097
-0.030734052
-0.024569039
-0.028836227
-0.014972314
-0.029478564
-0.028302868
-0.027420008
-0.018225261
-0.031309105
-0.042677445
-0.036639414
-0.03336194
-0.023276009
-0.027319547
-0.024966304
-0.039618071
-0.020291498
-0.013342641
-0.021721362
-0.021564782
-0.029842506
-0.01516509
-0.004869498
-0.00409271
-0.010638964
-0.002422756
-0.001009972
0.008099715
0.011696443
0.012141326
-0.001081454
0.002211724
0.004731183
0.011180997
0.014094972
0.012491634
0.016465845
0.010365818
0.012985755
0.007430209
0.002439933
0.001047586
0.012300471
0.009837014
0.019803235
0.022015637
0.016979551
0.017163347
0.015000704
0.01511076
0.013454911
0.015342119
0.013783604
0.012518726
0.01385769
0.014930674
0.010761399
