0.053613327
0.059669833
0.035315427
0.048578581
0.032123193
0.023047893
0.0182152
-0.006615671
-0.034661845
-0.023148615
-0.021474839
-0.022912393
-0.044676502
-0.046589892
-0.060973156
-0.060716944
-0.095832214
-0.096081419
-0.095658911
-0.108336234
-0.068858372
-0.062773133
-0.068419893
-0.070193308
-0.091884518
-0.112894911
-0.066199475
-0.085354409
-0.040109756
-0.007292552
0.02539602
0.079773719
0.089217474
0.071399685
0.090076989
0.087670525
0.056654181
0.062120222
0.070260783
0.052893841
0.078015854
0.060781398
0.025564312
0.039210816
0.03574299
0.024813499
0.026034405
0.032022051
0.03475835
0.050157425
0.037911453
0.065476478
0.066286086
0.043155236
0.038882199
0.058130031
0.034822058
0.062879931
0.043826539
0.059575996
0.034783649
0.037297559
0.017737474
0.026192685
0.026939016
0.008441457
0.023833205
-0.026959636
-0.032641286
-0.038819026
-0.035902369
-0.048585558
-0.023222519
-0.043212722
-0.044387441
-0.025941316
-0.042875236
-0.022206504
-0.01683653
-0.025886136
-0.001134548
-0.00263089
-0.014066814
-0.010000559
0.005047997
0.012338978
0.014459793
0.016086656
0.005656207
0.037262381
0.022046811
0.041936196
0.027385994
0.032060347
0.030566283
0.037289115
0.033748592
0.044044005
0.073550584
0.019368004
0.060577779
0.063558554
0.06462106
0.056984762
0.049447511
0.024124107
0.038919208
0.030092656
0.02085187
0.014648982
0.025200929
0.026158933
0.002456929
-0.002732358
-0.017503606
-0.017712203
-0.029671376
-0.04057353
-0.03540532
-0.064285938
-0.051656281
-0.067277064
-0.030662752
-0.0646818
-0.059223376
-0.073558825
-0.065531967
-0.077378783
-0.060132382
-0.055093294
-0.075504687
-0.069030317
-0.052054329
-0.037528522
-0.089620025
-0.044773182
-0.051685682
-0.053321314
-0.026816288
-0.039681195
-0.033623055
-0.018321029
-0.028515012
-0.032462733
-0.033079157
-0.020218756
-0.04854373
-0.036427339
-0.065852091
-0.078780673
-0.080858749
-0.094646283
-0.066311946
-0.09646045
-0.079632609
-0.091144974
-0.084795315
-0.062028667
-0.029801525
-0.031007432
-0.041857982
0.002332084
-0.015485874
-0.003035073
0.002718072
0.010611397
0.013167358
0.045970146
0.030480803
0.030120836
0.052099561
0.064854452
0.057655787
0.049879926
0.046422673
0.082775368
0.041364612
0.058096484
0.091692416
0.085747384
0.059846495
0.058063353
0.034497052
0.024190119
0.041917072
0.037751705
0.044274211
0.059493412
0.035666864
0.059156069
0.058710262
0.07353947
0.056007015
0.049915156
0.01127479
-0.004040696
0.018710438
-0.025660162
-0.025917647
-0.044255236
-0.014949414
-0.027148935
-0.053410397
-0.043319799
-0.006392896
-0.033308869
-0.024214105
-0.016324981
-0.005843358
-0.014784083
0.020084957
-0.008397032
0.011235182
0.03003605
0.002078841
0.000524857
0.032846921
-0.004476599
0.023230287
-0.009617569
-0.00123361
0.018793703
-0.006883345
-0.005123887
0.003596334
-0.031158152
-0.034520852
-0.037761042
-0.058744241
-0.062404466
-0.094452604
-0.049255181
-0.054696399
-0.016578842
-0.020248369
0.012271255
-0.006927526
-0.003529717
0.052354367
0.049428787
0.046276254
0.086753401
0.100746587
0.101618794
0.087569787
0.075671092
0.075737284
0.092848906
0.063434842
0.067017173
0.061531856
0.046756262
0.010064474
0.038769503
0.014323101
0.005110799
0.020642335
-0.006388051
-0.018113419
-0.026401723
-0.033557733
-0.038600746
-0.049291171
-0.05052455
-0.031635723
-0.058844842
-0.034978638
-0.030984565
-0.03629612
-0.044976342
-0.01819331
-0.05847584
-0.040531849
-0.017534136
-0.027920951
-0.023146777
0.006735155
0.021990547
0.034190338
0.072263822
0.071374356
0.090228362
0.094640221
0.086531351
0.106107947
0.10031185
0.09453599
0.104322184
0.075491976
0.065782471
0.06884426
0.014877506
-0.014356517
0.013056561
-0.0245464
-0.029491027
-0.013854959
-0.016537291
-0.040062373
-0.006762734
-0.000951198
-0.035340918
-0.019515131
-0.019710155
-0.032260435
-0.015797408
-0.019401972
-0.008720149
-0.03827845
-0.055252749
-0.002030131
-0.056140605
-0.080026576
-0.060064089
-0.06945451
-0.047030521
-0.03382615
-0.058931182
-0.078433655
-0.026767227
-0.041195331
-0.026197721
-0.049364304
-0.062261587
-0.023926632
-0.008858498
-0.026079008
-0.0392299
-0.000945103
-0.025552127
0.003374838
-0.002979849
-0.004411982
-0.005575758
-0.009642778
-0.000377066
0.013008098
0.011236192
0.003488317
0.005242091
0.000220747
-0.010166127
0.010744279
-0.012489724
-0.013054695
0.013218928
0.001226602
0.007725027
0.012828158
0.010137281
0.021749049
0.022180218
0.006745553
0.02884509
0.016590565
0.013396092
0.033058125
0.005630713
0.020444453
0.028246321
