10667.3
10685.2
11258.9
14463.6
11531.6
11769.6
12016.4
15285.1
12123.7
12668.7
13122.3
16643
12930.6
13513.9
13906.2
17596.2
13993.9
14625
15589.3
19194.5
16219.4
16307
17207.7
21949
18040.4
18433.1
19234.8
24471.5
19985.5
20139.1
20991.9
25956
21231.2
21745.4
23125.5
28621.9
24009.7
24553
25823.3
30933.5
25443.9
25837.3
27390.9
32622.2
27511.4
28552.8
30493.3
36142.7
30693.4
31695.3
34002.8
39908.7
34173.1
35430.8
37613.4
45314.9
38699.9
39846.7
42404.1
49813.8
43875.4
44163.2
47308.5
52976.1
46000.3
46150.9
49046.2
55391.5
49463.3
49504.3
53357.6
60803.7
54548.8
54104.2
57411.2
64184.6
53626.2
53637.6
57292.9
62871.1
54441
55459.3
59008
65550.4
57311.8
57764.1
61355.6
67347
59795.4
60510.6
63572.6
70602.6
62726
63386.7
67102.4
74682.4
66177.7
67455.1
70861.1
78094.9
68909.3
69349.2
72204.6
80087.9
71095.6
71534.8
74809.8
82322.3
72822.5
73926.7
77089.8
85088.2
74721
75223
79069.3
87087.4
77309.9
78648.8
82113.8
90411
80580.1
81774.1
85540.3
95055.7
83075.9
84002.9
88246.4
97554.8
86482.2
86454.9
91939.8
102678.8
92159.7
91754.5
98262.5
108148.6
97366.1
95564
102706.1
113547.3
101303
101312.9
108223.2
119146.4
107361.4
105266.7
111629
122058.1
109949
106347.7
112344.8
122235.1
109678.4
106612.2
113177.2
122813.7
110154.4
107088
114332
123623
110647.1
108696.4
115803.7
126746.2
118136
113446.2
120846.2
132790.7
122935.4
115222.2
122813
131983.6
119645.6
114032.7
118754
128154.6
119224
114724.9
119796.3
127816.6
120095.8
115780.1
120312
129783.6
121031.9

