52.6 
55.3 
62.2 
60.0 
58.5 
60.6 
61.0 
58.0 
62.3 
61.5 
61.7 
63.5 
56.1 
59.6 
66.0 
63.9 
63.3 
65.6 
66.0 
62.3 
65.8 
66.5 
66.9 
68.0 
60.5 
66.9 
71.3 
70.1 
67.6 
68.8 
69.0 
61.8 
67.8 
67.7 
66.2 
68.5 
60.7 
64.7 
70.7 
68.4 
65.3 
69.0 
70.0 
64.0 
70.5 
70.5 
69.8 
70.9 
62.3 
66.1 
73.1 
69.5 
65.9 
69.9 
70.1 
63.9 
70.5 
67.7 
68.8 
69.4 
61.3 
65.5 
72.9 
70.0 
67.6 
71.2 
71.3 
66.5 
74.1 
72.6 
73.7 
74.9 
66.5 
73.2 
79.7 
76.4 
74.9 
78.4 
78.8 
72.9 
78.9 
80.6 
80.6 
80.5 
71.7 
76.8 
83.1 
81.4 
79.3 
81.0 
82.9 
74.5 
80.9 
81.4 
81.0 
81.4 
72.0 
77.0 
83.9 
81.0 
78.3 
81.3 
82.5 
72.6 
82.2 
81.0 
79.3 
82.0 
72.2 
76.8 
85.4 
81.2 
77.0 
83.4 
85.2 
76.2 
86.1 
87.1 
86.4 
88.6 
78.9 
86.6 
95.7 
90.3 
85.3 
91.5 
91.8 
84.0 
94.1 
92.4 
94.0 
95.9 
85.5 
90.2 
105.1 
95.2 
91.2 
98.6 
96.8 
89.3 
98.0 
97.2 
97.6 
99.1 
86.6 
93.0 
106.0 
98.0 
94.6 
101.1 
103.0 
93.2 
102.3 
104.6 
103.2 
104.2 
92.7 
98.9 
109.4 
101.3 
98.5 
101.6 
105.6 
92.9 
102.9 
102.7 
102.3 
101.6 
89.2 
94.6 
103.6 
95.4 
89.6 
97.6 
99.2 
85.1 
98.8 
96.1 
93.6 
93.6 
82.9 
90.7 
103.4 
91.9 
85.9 
93.7 
95.1 
83.0 
94.9 
89.9 
91.4 
89.8 
80.7 
86.5 
102.2 
90.2 
85.0 
94.4 
94.9 
86.6 
97.0 
94.1 
96.4 
95.0 
84.1 
92.9 
108.1 
95.8 
89.5 
97.3 
95.7 
87.2 
97.8 
96.2 
97.5 
96.8 
87.4 
96.0 
104.8 
95.4 
91.7 
95.7 
101.3 
88.6 
101.2 
101.2 
101.0 
99.8 
93.4 
98.7 
112.6 
99.5 
97.8 
102.2 
105.5 
91.5 
105.4 
102.8 
98.3 
98.9 
90.8 
94.2 
107.1 
92.2 
87.0 
95.3 
96.9 
83.2 
97.4 
95.0 
92.4 
92.3 
83.6 
90.1 
106.5 
90.4 
86.3 
95.2 
96.2 
87.3 
100.0 
95.8 
98.2 
97.0 
87.8 
97.0 
110.4 
95.9 
92.6 
102.2 
100.4 
94.8 
103.7 
102.1 
102.4 
101.6 
89.9 
96.0 
108.6 
93.3 
89.7 
94.2 
93.5 
85.2 
91.9 
91.3 
89.6 
86.6 
80.5 
86.3 
99.0 
87.4 
88.3 
91.9 
96.7 
86.2 
96.7 
96.3 
94.5 
92.6 
87.2 
91.1 
103.4 
90.6 
89.4 
94.5 
96.8 
84.3 
99.4 
99.4 
96.2 
97.4 
90.5 
95.6 
110.8 
97.1 
91.1 
102.1 
102.3 
91.7 
103.9 
98.3 
101.4 
99.1 
92.3 
97.5 
112.4 
97.5 
92.8 
103.1 
99.7 
93.0 
104.6 
100.2 
104.3 
102.6 
94.3 
100.7 
115.0 
101.4 
96.7 
107.5 
104.8 
98.4 
109.4 
107.7 
109.6 
108.1 
98.5 
103.6 
117.3 
102.4 
101.3 
108.9 
108.1 
102.9 
109.6 
113.4 
113.1 
109.7 
