92.4 
90.7 
85.8 
86.6 
86.6 
85.7 
85.4 
85.7 
85.1 
87.1 
88.5 
86.1 
89.2 
88.5 
84.0 
84.3 
83.8 
83.0 
84.1 
84.7 
86.6 
89.3 
91.2 
88.9 
91.5 
91.3 
88.2 
88.7 
91.0 
91.8 
94.3 
95.5 
96.0 
97.6 
98.7 
96.4 
98.3 
98.1 
95.1 
95.0 
95.3 
96.4 
95.1 
93.9 
93.6 
94.9 
95.4 
92.9 
96.7 
97.3 
93.6 
94.7 
95.2 
94.9 
95.7 
95.4 
94.0 
94.3 
94.0 
91.4 
93.6 
93.3 
89.3 
90.5 
90.3 
90.9 
91.6 
88.9 
87.8 
88.5 
89.3 
86.2 
89.3 
91.0 
87.5 
89.1 
90.6 
92.6 
93.6 
93.0 
91.1 
94.0 
95.1 
92.8 
96.1 
98.1 
95.1 
96.8 
97.9 
99.5 
100.3 
99.0 
96.1 
98.7 
98.9 
96.1 
100.1 
101.9 
99.3 
97.3 
98.8 
100.1 
102.0 
99.5 
97.1 
97.7 
96.8 
94.9 
98.1 
98.1 
94.9 
96.3 
94.9 
96.0 
96.3 
94.8 
92.7 
94.0 
94.2 
92.1 
96.1 
97.1 
94.7 
94.7 
94.7 
96.8 
98.4 
96.7 
95.9 
97.7 
98.1 
97.0 
103.1 
104.1 
98.1 
100.6 
101.5 
104.8 
107.1 
106.2 
102.5 
105.5 
106.8 
105.1 
108.9 
110.3 
103.6 
105.9 
106.0 
106.2 
106.6 
105.2 
102.3 
104.9 
106.1 
104.4 
109.8 
112.0 
107.8 
110.4 
112.5 
114.7 
117.6 
116.0 
111.8 
116.5 
118.7 
118.4 
123.8 
123.4 
115.3 
117.7 
118.4 
120.7 
122.7 
120.7 
115.5 
118.2 
120.0 
117.3 
121.2 
121.0 
111.5 
111.7 
113.3 
115.8 
118.6 
117.8 
112.0 
114.4 
117.0 
115.0 
119.1 
118.3 
109.1 
109.5 
111.3 
113.0 
111.3 
110.0 
107.1 
109.6 
111.3 
109.7 
115.5 
115.8 
109.6 
111.8 
114.0 
115.7 
117.1 
115.9 
112.3 
116.3 
117.3 
115.8 
121.9 
122.7 
113.3 
114.9 
118.1 
118.6 
119.6 
118.1 
112.9 
117.0 
117.9 
115.4 
120.5 
119.7 
108.7 
113.1 
118.0 
121.4 
123.5 
122.5 
117.3 
121.3 
123.9 
122.3 
126.6 
127.5 
118.0 
119.1 
119.8 
121.2 
121.8 
120.0 
113.4 
117.0 
116.4 
112.5 
114.7 
115.4 
106.2 
107.3 
109.5 
110.6 
110.6 
109.6 
104.5 
106.5 
108.5 
104.7 
110.1 
110.3 
103.2 
105.0 
107.9 
109.5 
110.6 
109.7 
103.6 
108.5 
110.0 
106.9 
111.9 
113.1 
105.6 
109.6 
113.0 
114.6 
114.2 
114.1 
107.4 
110.2 
110.1 
106.1 
109.1 
108.4 
99.1 
99.7 
102.1 
101.7 
102.7 
101.1 
96.7 
100.6 
99.6 
97.6 
102.7 
100.7 
93.5 
95.5 
99.0 
98.9 
101.2 
99.3 
95.3 
98.1 
99.9 
94.8 
97.8 
98.7 
91.9 
95.0 
97.5 
98.0 
97.5 
99.3 
96.3 
98.1 
99.4 
94.7 
100.1 
101.8 
94.6 
96.2 
99.9 
100.3 
102.3 
102.7 
99.3 
100.8 
102.9 
99.2 
103.4 
104.6 
97.0 
99.7 
101.9 
102.4 
103.0 
102.5 
99.2 
103.6 
105.6 
102.7 
105.6 
106.1 
98.6 
100.7 
103.4 
103.4 
104.9 
104.7 
101.6 
105.5 
108.4 
104.0 
