119.2 
111.0 
92.0 
97.7 
97.7 
95.9 
94.9 
99.0 
93.2 
96.7 
96.9 
89.9 
107.5 
99.5 
83.9 
87.9 
87.1 
86.4 
85.9 
90.9 
90.8 
93.2 
92.6 
86.2 
102.2 
93.0 
83.9 
86.2 
93.4 
95.9 
98.4 
111.5 
107.1 
106.8 
108.6 
101.4 
118.4 
110.9 
96.7 
99.6 
106.5 
104.1 
99.7 
108.4 
101.8 
101.8 
101.6 
96.0 
115.6 
109.6 
93.9 
101.3 
106.2 
103.3 
102.0 
111.3 
101.5 
105.2 
102.8 
98.4 
115.2 
108.0 
92.0 
97.5 
102.5 
100.3 
101.0 
102.5 
94.3 
94.2 
94.1 
87.8 
108.2 
99.3 
86.2 
92.4 
95.6 
97.4 
97.1 
102.6 
96.5 
96.7 
95.3 
90.7 
110.8 
104.6 
91.0 
96.1 
100.2 
103.2 
100.8 
109.6 
98.3 
99.1 
98.8 
94.6 
113.6 
107.6 
95.9 
96.1 
105.6 
105.5 
104.8 
110.9 
99.4 
97.4 
98.9 
93.6 
111.9 
104.2 
90.6 
96.5 
99.4 
98.2 
96.1 
102.6 
90.9 
90.7 
91.4 
85.2 
104.2 
96.0 
85.0 
88.1 
93.5 
91.2 
91.4 
96.7 
87.6 
89.3 
87.9 
85.4 
104.9 
99.4 
79.8 
90.3 
94.8 
93.3 
95.3 
101.1 
89.9 
93.2 
92.9 
89.9 
108.4 
102.2 
83.3 
92.0 
94.7 
91.8 
91.1 
97.0 
87.5 
87.3 
89.6 
86.6 
105.0 
99.5 
85.5 
93.9 
98.9 
101.1 
98.7 
108.4 
94.8 
99.0 
100.3 
101.9 
120.7 
111.1 
93.8 
105.2 
111.8 
108.0 
106.9 
120.7 
99.9 
106.0 
110.8 
108.7 
127.3 
116.3 
93.2 
102.8 
112.6 
108.7 
108.6 
120.3 
100.7 
108.2 
109.2 
109.6 
129.4 
117.1 
92.0 
101.6 
112.3 
103.8 
102.9 
110.3 
96.9 
100.9 
99.1 
99.0 
123.4 
109.0 
89.6 
101.9 
111.5 
106.6 
109.3 
116.0 
100.5 
108.3 
106.1 
104.6 
129.6 
113.2 
94.7 
104.0 
113.6 
111.7 
107.6 
117.7 
100.5 
102.9 
103.3 
101.4 
118.8 
107.5 
84.7 
101.1 
108.8 
108.8 
107.0 
120.6 
99.9 
106.5 
113.4 
111.0 
132.0 
125.2 
103.4 
118.5 
126.2 
119.8 
118.2 
130.9 
107.3 
114.6 
114.6 
110.5 
126.7 
119.1 
94.8 
107.8 
118.0 
110.1 
107.4 
115.6 
97.1 
102.9 
102.2 
99.6 
120.4 
107.3 
89.8 
103.6 
110.8 
105.1 
106.7 
110.9 
95.9 
104.5 
103.7 
101.4 
123.5 
115.2 
95.4 
113.9 
122.1 
118.8 
118.2 
126.6 
110.2 
116.5 
116.1 
113.8 
130.1 
118.8 
97.5 
106.1 
110.4 
108.0 
103.4 
110.9 
96.7 
102.3 
100.2 
100.3 
118.1 
105.7 
87.8 
100.8 
106.6 
102.7 
102.3 
111.2 
93.3 
97.0 
102.7 
94.0 
106.8 
101.5 
82.1 
96.4 
104.6 
96.2 
95.0 
107.2 
92.1 
98.5 
96.7 
92.2 
110.7 
105.3 
84.4 
95.6 
106.3 
97.4 
101.8 
107.8 
94.8 
99.3 
99.5 
97.1 
112.7 
106.0 
85.7 
98.5 
104.7 
97.0 
101.4 
104.9 
93.4 
100.0 
99.6 
97.1 
110.6 
104.5 
86.1 
98.8 
103.7 
99.0 
100.9 
105.8 
97.3 
98.1 
100.6 
98.4 
