MT	A	W	t	NH
641	100	10	2	5
531	100	10	2	5
406	100	10	2	5
391	100	10	2	5
359	100	10	2	5
609	100	10	2	5
609	100	10	2	5
563	100	10	2	5
531	100	10	2	5
485	100	10	2	5
453	100	10	2	5
453	100	10	2	5
609	100	10	3	6
563	100	10	3	6
469	100	10	3	6
438	100	10	3	6
313	100	10	3	6
312	100	10	3	6
625	100	10	3	6
578	100	10	3	6
516	100	10	3	6
407	100	10	3	6
391	100	10	3	6
218	100	10	3	6
578	100	10	4	6
532	100	10	4	6
515	100	10	4	6
484	100	10	4	6
453	100	10	4	6
265	100	10	4	6
1032	100	10	4	6
547	100	10	4	6
500	100	10	4	6
328	100	10	4	6
328	100	10	4	6
266	100	10	4	6
641	100	10	5	7
531	100	10	5	7
516	100	10	5	7
484	100	10	5	7
406	100	10	5	7
297	100	10	5	7
282	100	10	5	7
562	100	10	5	7
484	100	10	5	7
469	100	10	5	7
468	100	10	5	7
391	100	10	5	7
594	100	10	6	7
515	100	10	6	7
500	100	10	6	7
500	100	10	6	7
484	100	10	6	7
297	100	10	6	7
218	100	10	6	7
953	100	10	6	7
578	100	10	6	7
485	100	10	6	7
406	100	10	6	7
266	100	10	6	7
1390	100	10	7	7
640	100	10	7	7
532	100	10	7	7
484	100	10	7	7
438	100	10	7	7
437	100	10	7	7
375	100	10	7	7
610	100	10	7	7
516	100	10	7	7
485	100	10	7	7
265	100	10	7	7
250	100	10	7	7
625	100	10	8	4
484	100	10	8	4
282	100	10	8	4
281	100	10	8	4
687	100	10	8	4
563	100	10	8	4
562	100	10	8	4
531	100	10	8	4
500	100	10	8	4
469	100	10	8	4
391	100	10	8	4
266	100	10	8	4
609	100	10	9	7
531	100	10	9	7
500	100	10	9	7
454	100	10	9	7
390	100	10	9	7
328	100	10	9	7
265	100	10	9	7
1391	100	10	9	7
500	100	10	9	7
485	100	10	9	7
484	100	10	9	7
250	100	10	9	7
594	100	10	10	6
546	100	10	10	6
531	100	10	10	6
469	100	10	10	6
297	100	10	10	6
234	100	10	10	6
1000	100	10	10	6
500	100	10	10	6
485	100	10	10	6
469	100	10	10	6
375	100	10	10	6
266	100	10	10	6
828	100	10	11	4
609	100	10	11	4
422	100	10	11	4
328	100	10	11	4
1094	100	10	11	4
515	100	10	11	4
500	100	10	11	4
484	100	10	11	4
469	100	10	11	4
375	100	10	11	4
266	100	10	11	4
266	100	10	11	4
578	100	10	12	8
563	100	10	12	8
532	100	10	12	8
484	100	10	12	8
484	100	10	12	8
406	100	10	12	8
297	100	10	12	8
265	100	10	12	8
1079	100	10	12	8
516	100	10	12	8
359	100	10	12	8
265	100	10	12	8
593	100	10	13	8
578	100	10	13	8
515	100	10	13	8
500	100	10	13	8
484	100	10	13	8
375	100	10	13	8
328	100	10	13	8
250	100	10	13	8
484	100	10	13	8
407	100	10	13	8
235	100	10	13	8
187	100	10	13	8
969	100	10	14	5
594	100	10	14	5
485	100	10	14	5
485	100	10	14	5
485	100	10	14	5
532	100	10	14	5
485	100	10	14	5
485	100	10	14	5
437	100	10	14	5
266	100	10	14	5
266	100	10	14	5
250	100	10	14	5
547	100	10	15	8
546	100	10	15	8
500	100	10	15	8
484	100	10	15	8
453	100	10	15	8
437	100	10	15	8
421	100	10	15	8
234	100	10	15	8
468	100	10	15	8
438	100	10	15	8
344	100	10	15	8
234	100	10	15	8
516	100	10	16	6
469	100	10	16	6
469	100	10	16	6
453	100	10	16	6
407	100	10	16	6
234	100	10	16	6
516	100	10	16	6
515	100	10	16	6
500	100	10	16	6
484	100	10	16	6
281	100	10	16	6
250	100	10	16	6
594	100	10	17	8
547	100	10	17	8
515	100	10	17	8
500	100	10	17	8
453	100	10	17	8
453	100	10	17	8
437	100	10	17	8
312	100	10	17	8
484	100	10	17	8
453	100	10	17	8
250	100	10	17	8
235	100	10	17	8
516	100	10	18	5
500	100	10	18	5
500	100	10	18	5
469	100	10	18	5
218	100	10	18	5
563	100	10	18	5
531	100	10	18	5
485	100	10	18	5
469	100	10	18	5
406	100	10	18	5
297	100	10	18	5
250	100	10	18	5
578	100	10	19	8
485	100	10	19	8
469	100	10	19	8
453	100	10	19	8
391	100	10	19	8
375	100	10	19	8
313	100	10	19	8
219	100	10	19	8
516	100	10	19	8
469	100	10	19	8
437	100	10	19	8
235	100	10	19	8
500	100	10	20	6
500	100	10	20	6
500	100	10	20	6
453	100	10	20	6
390	100	10	20	6
266	100	10	20	6
500	100	10	20	6
438	100	10	20	6
437	100	10	20	6
422	100	10	20	6
281	100	10	20	6
219	100	10	20	6
547	100	10	21	8
500	100	10	21	8
484	100	10	21	8
469	100	10	21	8
438	100	10	21	8
406	100	10	21	8
328	100	10	21	8
250	100	10	21	8
516	100	10	21	8
484	100	10	21	8
484	100	10	21	8
265	100	10	21	8
531	100	10	22	7
516	100	10	22	7
516	100	10	22	7
484	100	10	22	7
453	100	10	22	7
437	100	10	22	7
422	100	10	22	7
516	100	10	22	7
453	100	10	22	7
297	100	10	22	7
234	100	10	22	7
219	100	10	22	7
469	100	10	23	5
453	100	10	23	5
437	100	10	23	5
421	100	10	23	5
234	100	10	23	5
532	100	10	23	5
531	100	10	23	5
454	100	10	23	5
422	100	10	23	5
390	100	10	23	5
297	100	10	23	5
266	100	10	23	5
546	100	10	24	4
531	100	10	24	4
219	100	10	24	4
187	100	10	24	4
625	100	10	24	4
500	100	10	24	4
500	100	10	24	4
453	100	10	24	4
438	100	10	24	4
422	100	10	24	4
391	100	10	24	4
281	100	10	24	4
531	100	10	25	9
516	100	10	25	9
469	100	10	25	9
453	100	10	25	9
406	100	10	25	9
391	100	10	25	9
313	100	10	25	9
297	100	10	25	9
234	100	10	25	9
671	100	10	25	9
469	100	10	25	9
469	100	10	25	9
563	100	10	26	6
516	100	10	26	6
422	100	10	26	6
422	100	10	26	6
422	100	10	26	6
234	100	10	26	6
563	100	10	26	6
562	100	10	26	6
500	100	10	26	6
469	100	10	26	6
265	100	10	26	6
235	100	10	26	6
625	100	10	27	5
469	100	10	27	5
469	100	10	27	5
422	100	10	27	5
375	100	10	27	5
781	100	10	27	5
547	100	10	27	5
484	100	10	27	5
469	100	10	27	5
297	100	10	27	5
266	100	10	27	5
219	100	10	27	5
546	100	10	28	6
531	100	10	28	6
516	100	10	28	6
437	100	10	28	6
437	100	10	28	6
234	100	10	28	6
547	100	10	28	6
531	100	10	28	6
437	100	10	28	6
390	100	10	28	6
281	100	10	28	6
218	100	10	28	6
594	100	10	29	8
578	100	10	29	8
500	100	10	29	8
391	100	10	29	8
391	100	10	29	8
313	100	10	29	8
250	100	10	29	8
219	100	10	29	8
485	100	10	29	8
484	100	10	29	8
469	100	10	29	8
453	100	10	29	8
594	100	10	30	5
484	100	10	30	5
469	100	10	30	5
390	100	10	30	5
235	100	10	30	5
609	100	10	30	5
562	100	10	30	5
484	100	10	30	5
454	100	10	30	5
406	100	10	30	5
281	100	10	30	5
219	100	10	30	5
625	100	20	2	11
594	100	20	2	11
500	100	20	2	11
485	100	20	2	11
469	100	20	2	11
391	100	20	2	11
375	100	20	2	11
375	100	20	2	11
360	100	20	2	11
344	100	20	2	11
282	100	20	2	11
359	100	20	2	11
500	100	20	3	11
485	100	20	3	11
438	100	20	3	11
406	100	20	3	11
391	100	20	3	11
391	100	20	3	11
390	100	20	3	11
359	100	20	3	11
328	100	20	3	11
297	100	20	3	11
265	100	20	3	11
453	100	20	3	11
484	100	20	4	11
484	100	20	4	11
469	100	20	4	11
437	100	20	4	11
391	100	20	4	11
391	100	20	4	11
344	100	20	4	11
312	100	20	4	11
281	100	20	4	11
281	100	20	4	11
250	100	20	4	11
390	100	20	4	11
500	100	20	5	10
484	100	20	5	10
438	100	20	5	10
422	100	20	5	10
390	100	20	5	10
375	100	20	5	10
359	100	20	5	10
266	100	20	5	10
265	100	20	5	10
234	100	20	5	10
985	100	20	5	10
329	100	20	5	10
812	100	20	6	12
500	100	20	6	12
453	100	20	6	12
453	100	20	6	12
375	100	20	6	12
360	100	20	6	12
360	100	20	6	12
312	100	20	6	12
312	100	20	6	12
281	100	20	6	12
266	100	20	6	12
250	100	20	6	12
813	100	20	7	12
625	100	20	7	12
469	100	20	7	12
469	100	20	7	12
422	100	20	7	12
421	100	20	7	12
391	100	20	7	12
344	100	20	7	12
328	100	20	7	12
328	100	20	7	12
282	100	20	7	12
266	100	20	7	12
844	100	20	8	9
516	100	20	8	9
500	100	20	8	9
469	100	20	8	9
406	100	20	8	9
344	100	20	8	9
328	100	20	8	9
328	100	20	8	9
250	100	20	8	9
781	100	20	8	9
531	100	20	8	9
344	100	20	8	9
735	100	20	9	9
515	100	20	9	9
515	100	20	9	9
437	100	20	9	9
360	100	20	9	9
359	100	20	9	9
344	100	20	9	9
328	100	20	9	9
250	100	20	9	9
453	100	20	9	9
438	100	20	9	9
328	100	20	9	9
532	100	20	10	9
500	100	20	10	9
500	100	20	10	9
437	100	20	10	9
422	100	20	10	9
359	100	20	10	9
328	100	20	10	9
297	100	20	10	9
250	100	20	10	9
437	100	20	10	9
312	100	20	10	9
281	100	20	10	9
531	100	20	11	10
516	100	20	11	10
485	100	20	11	10
422	100	20	11	10
421	100	20	11	10
406	100	20	11	10
359	100	20	11	10
344	100	20	11	10
329	100	20	11	10
282	100	20	11	10
391	100	20	11	10
250	100	20	11	10
500	100	20	12	10
438	100	20	12	10
437	100	20	12	10
360	100	20	12	10
328	100	20	12	10
312	100	20	12	10
281	100	20	12	10
281	100	20	12	10
265	100	20	12	10
265	100	20	12	10
515	100	20	12	10
438	100	20	12	10
610	100	20	13	9
437	100	20	13	9
422	100	20	13	9
421	100	20	13	9
375	100	20	13	9
328	100	20	13	9
313	100	20	13	9
266	100	20	13	9
235	100	20	13	9
485	100	20	13	9
359	100	20	13	9
297	100	20	13	9
484	100	20	14	7
453	100	20	14	7
438	100	20	14	7
391	100	20	14	7
359	100	20	14	7
281	100	20	14	7
265	100	20	14	7
859	100	20	14	7
547	100	20	14	7
313	100	20	14	7
313	100	20	14	7
266	100	20	14	7
891	100	20	15	9
469	100	20	15	9
453	100	20	15	9
406	100	20	15	9
328	100	20	15	9
328	100	20	15	9
282	100	20	15	9
281	100	20	15	9
250	100	20	15	9
547	100	20	15	9
390	100	20	15	9
312	100	20	15	9
516	100	20	16	8
484	100	20	16	8
468	100	20	16	8
406	100	20	16	8
328	100	20	16	8
265	100	20	16	8
250	100	20	16	8
250	100	20	16	8
453	100	20	16	8
375	100	20	16	8
344	100	20	16	8
328	100	20	16	8
516	100	20	17	9
500	100	20	17	9
469	100	20	17	9
438	100	20	17	9
329	100	20	17	9
328	100	20	17	9
282	100	20	17	9
266	100	20	17	9
265	100	20	17	9
422	100	20	17	9
375	100	20	17	9
312	100	20	17	9
531	100	20	18	9
484	100	20	18	9
484	100	20	18	9
406	100	20	18	9
328	100	20	18	9
328	100	20	18	9
297	100	20	18	9
265	100	20	18	9
250	100	20	18	9
515	100	20	18	9
469	100	20	18	9
375	100	20	18	9
500	100	20	19	10
485	100	20	19	10
484	100	20	19	10
453	100	20	19	10
422	100	20	19	10
407	100	20	19	10
343	100	20	19	10
328	100	20	19	10
282	100	20	19	10
266	100	20	19	10
282	100	20	19	10
250	100	20	19	10
547	100	20	20	8
516	100	20	20	8
453	100	20	20	8
438	100	20	20	8
437	100	20	20	8
297	100	20	20	8
266	100	20	20	8
265	100	20	20	8
406	100	20	20	8
313	100	20	20	8
281	100	20	20	8
266	100	20	20	8
547	100	20	21	9
453	100	20	21	9
453	100	20	21	9
453	100	20	21	9
422	100	20	21	9
390	100	20	21	9
328	100	20	21	9
266	100	20	21	9
235	100	20	21	9
328	100	20	21	9
312	100	20	21	9
266	100	20	21	9
562	100	20	22	8
547	100	20	22	8
453	100	20	22	8
438	100	20	22	8
360	100	20	22	8
281	100	20	22	8
281	100	20	22	8
234	100	20	22	8
375	100	20	22	8
297	100	20	22	8
250	100	20	22	8
250	100	20	22	8
500	100	20	23	8
453	100	20	23	8
438	100	20	23	8
422	100	20	23	8
390	100	20	23	8
328	100	20	23	8
328	100	20	23	8
250	100	20	23	8
453	100	20	23	8
344	100	20	23	8
266	100	20	23	8
265	100	20	23	8
469	100	20	24	5
359	100	20	24	5
313	100	20	24	5
281	100	20	24	5
234	100	20	24	5
547	100	20	24	5
531	100	20	24	5
453	100	20	24	5
406	100	20	24	5
328	100	20	24	5
250	100	20	24	5
235	100	20	24	5
531	100	20	25	9
500	100	20	25	9
500	100	20	25	9
438	100	20	25	9
375	100	20	25	9
375	100	20	25	9
297	100	20	25	9
297	100	20	25	9
266	100	20	25	9
1250	100	20	25	9
515	100	20	25	9
265	100	20	25	9
516	100	20	26	9
485	100	20	26	9
454	100	20	26	9
453	100	20	26	9
422	100	20	26	9
313	100	20	26	9
312	100	20	26	9
297	100	20	26	9
218	100	20	26	9
454	100	20	26	9
359	100	20	26	9
250	100	20	26	9
578	100	20	27	10
515	100	20	27	10
500	100	20	27	10
437	100	20	27	10
407	100	20	27	10
390	100	20	27	10
390	100	20	27	10
329	100	20	27	10
265	100	20	27	10
235	100	20	27	10
344	100	20	27	10
250	100	20	27	10
531	100	20	28	10
500	100	20	28	10
469	100	20	28	10
437	100	20	28	10
391	100	20	28	10
344	100	20	28	10
328	100	20	28	10
282	100	20	28	10
266	100	20	28	10
250	100	20	28	10
343	100	20	28	10
266	100	20	28	10
1125	100	20	29	8
766	100	20	29	8
515	100	20	29	8
437	100	20	29	8
359	100	20	29	8
328	100	20	29	8
265	100	20	29	8
250	100	20	29	8
500	100	20	29	8
359	100	20	29	8
359	100	20	29	8
266	100	20	29	8
594	100	20	30	8
532	100	20	30	8
453	100	20	30	8
453	100	20	30	8
438	100	20	30	8
360	100	20	30	8
313	100	20	30	8
250	100	20	30	8
329	100	20	30	8
297	100	20	30	8
282	100	20	30	8
265	100	20	30	8
890	100	40	2	11
671	100	40	2	11
500	100	40	2	11
469	100	40	2	11
453	100	40	2	11
422	100	40	2	11
344	100	40	2	11
313	100	40	2	11
282	100	40	2	11
281	100	40	2	11
250	100	40	2	11
563	100	40	2	11
485	100	40	3	11
438	100	40	3	11
422	100	40	3	11
406	100	40	3	11
390	100	40	3	11
375	100	40	3	11
375	100	40	3	11
312	100	40	3	11
281	100	40	3	11
265	100	40	3	11
250	100	40	3	11
703	100	40	3	11
1828	100	40	4	11
453	100	40	4	11
437	100	40	4	11
421	100	40	4	11
407	100	40	4	11
375	100	40	4	11
375	100	40	4	11
360	100	40	4	11
297	100	40	4	11
250	100	40	4	11
234	100	40	4	11
282	100	40	4	11
484	100	40	5	11
469	100	40	5	11
438	100	40	5	11
438	100	40	5	11
437	100	40	5	11
406	100	40	5	11
390	100	40	5	11
297	100	40	5	11
265	100	40	5	11
250	100	40	5	11
235	100	40	5	11
672	100	40	5	11
688	100	40	6	10
484	100	40	6	10
469	100	40	6	10
469	100	40	6	10
406	100	40	6	10
375	100	40	6	10
328	100	40	6	10
281	100	40	6	10
250	100	40	6	10
250	100	40	6	10
485	100	40	6	10
328	100	40	6	10
1391	100	40	7	11
469	100	40	7	11
438	100	40	7	11
406	100	40	7	11
406	100	40	7	11
375	100	40	7	11
360	100	40	7	11
329	100	40	7	11
297	100	40	7	11
250	100	40	7	11
250	100	40	7	11
234	100	40	7	11
625	100	40	8	10
500	100	40	8	10
437	100	40	8	10
422	100	40	8	10
422	100	40	8	10
406	100	40	8	10
390	100	40	8	10
281	100	40	8	10
281	100	40	8	10
218	100	40	8	10
281	100	40	8	10
266	100	40	8	10
1203	100	40	9	11
469	100	40	9	11
422	100	40	9	11
421	100	40	9	11
391	100	40	9	11
360	100	40	9	11
360	100	40	9	11
297	100	40	9	11
281	100	40	9	11
250	100	40	9	11
219	100	40	9	11
234	100	40	9	11
484	100	40	10	10
454	100	40	10	10
422	100	40	10	10
390	100	40	10	10
375	100	40	10	10
375	100	40	10	10
359	100	40	10	10
281	100	40	10	10
266	100	40	10	10
234	100	40	10	10
250	100	40	10	10
250	100	40	10	10
469	100	40	11	11
468	100	40	11	11
422	100	40	11	11
407	100	40	11	11
375	100	40	11	11
375	100	40	11	11
375	100	40	11	11
266	100	40	11	11
265	100	40	11	11
250	100	40	11	11
235	100	40	11	11
219	100	40	11	11
469	100	40	12	11
453	100	40	12	11
437	100	40	12	11
406	100	40	12	11
406	100	40	12	11
375	100	40	12	11
375	100	40	12	11
281	100	40	12	11
266	100	40	12	11
234	100	40	12	11
234	100	40	12	11
250	100	40	12	11
547	100	40	13	11
469	100	40	13	11
438	100	40	13	11
391	100	40	13	11
390	100	40	13	11
375	100	40	13	11
359	100	40	13	11
282	100	40	13	11
266	100	40	13	11
250	100	40	13	11
219	100	40	13	11
203	100	40	13	11
546	100	40	14	11
422	100	40	14	11
406	100	40	14	11
406	100	40	14	11
391	100	40	14	11
391	100	40	14	11
375	100	40	14	11
281	100	40	14	11
250	100	40	14	11
250	100	40	14	11
235	100	40	14	11
281	100	40	14	11
1094	100	40	15	11
515	100	40	15	11
454	100	40	15	11
453	100	40	15	11
406	100	40	15	11
391	100	40	15	11
390	100	40	15	11
250	100	40	15	11
250	100	40	15	11
250	100	40	15	11
219	100	40	15	11
203	100	40	15	11
531	100	40	16	11
469	100	40	16	11
438	100	40	16	11
406	100	40	16	11
391	100	40	16	11
391	100	40	16	11
375	100	40	16	11
281	100	40	16	11
250	100	40	16	11
250	100	40	16	11
203	100	40	16	11
250	100	40	16	11
453	100	40	17	11
438	100	40	17	11
407	100	40	17	11
406	100	40	17	11
375	100	40	17	11
375	100	40	17	11
328	100	40	17	11
281	100	40	17	11
265	100	40	17	11
250	100	40	17	11
219	100	40	17	11
204	100	40	17	11
500	100	40	18	11
468	100	40	18	11
437	100	40	18	11
406	100	40	18	11
375	100	40	18	11
359	100	40	18	11
297	100	40	18	11
282	100	40	18	11
281	100	40	18	11
250	100	40	18	11
218	100	40	18	11
250	100	40	18	11
1031	100	40	19	11
516	100	40	19	11
454	100	40	19	11
406	100	40	19	11
406	100	40	19	11
406	100	40	19	11
360	100	40	19	11
312	100	40	19	11
266	100	40	19	11
234	100	40	19	11
219	100	40	19	11
750	100	40	19	11
500	100	40	20	10
469	100	40	20	10
437	100	40	20	10
375	100	40	20	10
375	100	40	20	10
344	100	40	20	10
281	100	40	20	10
250	100	40	20	10
234	100	40	20	10
219	100	40	20	10
468	100	40	20	10
406	100	40	20	10
688	100	40	21	12
453	100	40	21	12
438	100	40	21	12
438	100	40	21	12
438	100	40	21	12
437	100	40	21	12
375	100	40	21	12
359	100	40	21	12
266	100	40	21	12
266	100	40	21	12
266	100	40	21	12
234	100	40	21	12
515	100	40	22	11
453	100	40	22	11
437	100	40	22	11
437	100	40	22	11
359	100	40	22	11
329	100	40	22	11
296	100	40	22	11
265	100	40	22	11
265	100	40	22	11
219	100	40	22	11
203	100	40	22	11
375	100	40	22	11
547	100	40	23	12
516	100	40	23	12
469	100	40	23	12
437	100	40	23	12
422	100	40	23	12
422	100	40	23	12
407	100	40	23	12
329	100	40	23	12
328	100	40	23	12
297	100	40	23	12
250	100	40	23	12
250	100	40	23	12
531	100	40	24	12
422	100	40	24	12
391	100	40	24	12
390	100	40	24	12
375	100	40	24	12
375	100	40	24	12
344	100	40	24	12
328	100	40	24	12
297	100	40	24	12
296	100	40	24	12
250	100	40	24	12
235	100	40	24	12
469	100	40	25	12
469	100	40	25	12
437	100	40	25	12
422	100	40	25	12
407	100	40	25	12
375	100	40	25	12
344	100	40	25	12
343	100	40	25	12
313	100	40	25	12
281	100	40	25	12
266	100	40	25	12
265	100	40	25	12
516	100	40	26	11
468	100	40	26	11
422	100	40	26	11
406	100	40	26	11
359	100	40	26	11
344	100	40	26	11
312	100	40	26	11
297	100	40	26	11
235	100	40	26	11
234	100	40	26	11
219	100	40	26	11
235	100	40	26	11
454	100	40	27	12
437	100	40	27	12
437	100	40	27	12
406	100	40	27	12
391	100	40	27	12
391	100	40	27	12
328	100	40	27	12
328	100	40	27	12
266	100	40	27	12
250	100	40	27	12
250	100	40	27	12
250	100	40	27	12
532	100	40	28	12
438	100	40	28	12
437	100	40	28	12
422	100	40	28	12
375	100	40	28	12
359	100	40	28	12
328	100	40	28	12
312	100	40	28	12
234	100	40	28	12
234	100	40	28	12
234	100	40	28	12
218	100	40	28	12
453	100	40	29	12
453	100	40	29	12
422	100	40	29	12
421	100	40	29	12
406	100	40	29	12
391	100	40	29	12
360	100	40	29	12
344	100	40	29	12
313	100	40	29	12
266	100	40	29	12
250	100	40	29	12
235	100	40	29	12
1156	100	40	30	12
516	100	40	30	12
422	100	40	30	12
406	100	40	30	12
390	100	40	30	12
375	100	40	30	12
375	100	40	30	12
313	100	40	30	12
266	100	40	30	12
250	100	40	30	12
234	100	40	30	12
234	100	40	30	12
750	200	10	2	8
656	200	10	2	8
640	200	10	2	8
625	200	10	2	8
531	200	10	2	8
469	200	10	2	8
469	200	10	2	8
359	200	10	2	8
641	200	10	2	8
484	200	10	2	8
468	200	10	2	8
344	200	10	2	8
750	200	10	3	9
687	200	10	3	9
656	200	10	3	9
656	200	10	3	9
641	200	10	3	9
532	200	10	3	9
500	200	10	3	9
422	200	10	3	9
297	200	10	3	9
594	200	10	3	9
531	200	10	3	9
485	200	10	3	9
812	200	10	4	6
609	200	10	4	6
594	200	10	4	6
531	200	10	4	6
531	200	10	4	6
344	200	10	4	6
907	200	10	4	6
703	200	10	4	6
500	200	10	4	6
453	200	10	4	6
297	200	10	4	6
281	200	10	4	6
719	200	10	5	4
641	200	10	5	4
594	200	10	5	4
515	200	10	5	4
1438	200	10	5	4
1062	200	10	5	4
547	200	10	5	4
547	200	10	5	4
547	200	10	5	4
359	200	10	5	4
343	200	10	5	4
297	200	10	5	4
859	200	10	6	7
656	200	10	6	7
625	200	10	6	7
547	200	10	6	7
531	200	10	6	7
531	200	10	6	7
282	200	10	6	7
594	200	10	6	7
563	200	10	6	7
562	200	10	6	7
516	200	10	6	7
297	200	10	6	7
657	200	10	7	7
609	200	10	7	7
547	200	10	7	7
547	200	10	7	7
500	200	10	7	7
469	200	10	7	7
281	200	10	7	7
750	200	10	7	7
593	200	10	7	7
547	200	10	7	7
453	200	10	7	7
297	200	10	7	7
704	200	10	8	5
640	200	10	8	5
609	200	10	8	5
594	200	10	8	5
296	200	10	8	5
641	200	10	8	5
610	200	10	8	5
609	200	10	8	5
562	200	10	8	5
516	200	10	8	5
453	200	10	8	5
281	200	10	8	5
641	200	10	9	8
640	200	10	9	8
547	200	10	9	8
547	200	10	9	8
546	200	10	9	8
515	200	10	9	8
391	200	10	9	8
297	200	10	9	8
594	200	10	9	8
594	200	10	9	8
593	200	10	9	8
313	200	10	9	8
734	200	10	10	8
719	200	10	10	8
610	200	10	10	8
547	200	10	10	8
500	200	10	10	8
391	200	10	10	8
297	200	10	10	8
282	200	10	10	8
641	200	10	10	8
594	200	10	10	8
578	200	10	10	8
547	200	10	10	8
656	200	10	11	8
579	200	10	11	8
547	200	10	11	8
469	200	10	11	8
422	200	10	11	8
359	200	10	11	8
343	200	10	11	8
265	200	10	11	8
719	200	10	11	8
562	200	10	11	8
547	200	10	11	8
531	200	10	11	8
609	200	10	12	4
594	200	10	12	4
562	200	10	12	4
297	200	10	12	4
672	200	10	12	4
594	200	10	12	4
578	200	10	12	4
547	200	10	12	4
547	200	10	12	4
453	200	10	12	4
360	200	10	12	4
282	200	10	12	4
1063	200	10	13	8
735	200	10	13	8
703	200	10	13	8
609	200	10	13	8
578	200	10	13	8
515	200	10	13	8
281	200	10	13	8
265	200	10	13	8
562	200	10	13	8
531	200	10	13	8
531	200	10	13	8
344	200	10	13	8
610	200	10	14	6
578	200	10	14	6
562	200	10	14	6
546	200	10	14	6
390	200	10	14	6
281	200	10	14	6
579	200	10	14	6
578	200	10	14	6
563	200	10	14	6
531	200	10	14	6
485	200	10	14	6
250	200	10	14	6
688	200	10	15	9
657	200	10	15	9
578	200	10	15	9
562	200	10	15	9
547	200	10	15	9
516	200	10	15	9
391	200	10	15	9
375	200	10	15	9
329	200	10	15	9
578	200	10	15	9
516	200	10	15	9
453	200	10	15	9
703	200	10	16	6
562	200	10	16	6
562	200	10	16	6
546	200	10	16	6
438	200	10	16	6
313	200	10	16	6
875	200	10	16	6
516	200	10	16	6
515	200	10	16	6
515	200	10	16	6
422	200	10	16	6
281	200	10	16	6
625	200	10	17	7
625	200	10	17	7
594	200	10	17	7
593	200	10	17	7
532	200	10	17	7
437	200	10	17	7
343	200	10	17	7
969	200	10	17	7
578	200	10	17	7
485	200	10	17	7
469	200	10	17	7
312	200	10	17	7
766	200	10	18	6
625	200	10	18	6
625	200	10	18	6
609	200	10	18	6
484	200	10	18	6
360	200	10	18	6
610	200	10	18	6
578	200	10	18	6
516	200	10	18	6
500	200	10	18	6
375	200	10	18	6
297	200	10	18	6
671	200	10	19	4
578	200	10	19	4
562	200	10	19	4
515	200	10	19	4
969	200	10	19	4
625	200	10	19	4
546	200	10	19	4
531	200	10	19	4
500	200	10	19	4
375	200	10	19	4
360	200	10	19	4
297	200	10	19	4
672	200	10	20	4
610	200	10	20	4
547	200	10	20	4
328	200	10	20	4
704	200	10	20	4
657	200	10	20	4
594	200	10	20	4
563	200	10	20	4
531	200	10	20	4
438	200	10	20	4
312	200	10	20	4
297	200	10	20	4
2407	200	10	21	5
703	200	10	21	5
500	200	10	21	5
312	200	10	21	5
312	200	10	21	5
593	200	10	21	5
546	200	10	21	5
516	200	10	21	5
515	200	10	21	5
438	200	10	21	5
406	200	10	21	5
344	200	10	21	5
657	200	10	22	6
641	200	10	22	6
640	200	10	22	6
547	200	10	22	6
313	200	10	22	6
282	200	10	22	6
672	200	10	22	6
547	200	10	22	6
500	200	10	22	6
484	200	10	22	6
437	200	10	22	6
328	200	10	22	6
766	200	10	23	7
703	200	10	23	7
563	200	10	23	7
562	200	10	23	7
531	200	10	23	7
515	200	10	23	7
297	200	10	23	7
657	200	10	23	7
562	200	10	23	7
484	200	10	23	7
359	200	10	23	7
344	200	10	23	7
687	200	10	24	3
594	200	10	24	3
344	200	10	24	3
1641	200	10	24	3
657	200	10	24	3
578	200	10	24	3
578	200	10	24	3
531	200	10	24	3
515	200	10	24	3
406	200	10	24	3
312	200	10	24	3
281	200	10	24	3
641	200	10	25	4
578	200	10	25	4
516	200	10	25	4
360	200	10	25	4
828	200	10	25	4
547	200	10	25	4
546	200	10	25	4
531	200	10	25	4
516	200	10	25	4
485	200	10	25	4
375	200	10	25	4
281	200	10	25	4
735	200	10	26	5
735	200	10	26	5
594	200	10	26	5
484	200	10	26	5
282	200	10	26	5
610	200	10	26	5
609	200	10	26	5
609	200	10	26	5
500	200	10	26	5
469	200	10	26	5
375	200	10	26	5
328	200	10	26	5
765	200	10	27	5
656	200	10	27	5
609	200	10	27	5
422	200	10	27	5
296	200	10	27	5
593	200	10	27	5
532	200	10	27	5
531	200	10	27	5
500	200	10	27	5
484	200	10	27	5
469	200	10	27	5
344	200	10	27	5
1203	200	10	28	6
609	200	10	28	6
563	200	10	28	6
547	200	10	28	6
531	200	10	28	6
312	200	10	28	6
781	200	10	28	6
671	200	10	28	6
625	200	10	28	6
469	200	10	28	6
343	200	10	28	6
282	200	10	28	6
813	200	10	29	6
578	200	10	29	6
563	200	10	29	6
563	200	10	29	6
500	200	10	29	6
265	200	10	29	6
610	200	10	29	6
594	200	10	29	6
547	200	10	29	6
422	200	10	29	6
391	200	10	29	6
328	200	10	29	6
719	200	10	30	6
609	200	10	30	6
593	200	10	30	6
516	200	10	30	6
500	200	10	30	6
266	200	10	30	6
547	200	10	30	6
531	200	10	30	6
531	200	10	30	6
469	200	10	30	6
328	200	10	30	6
313	200	10	30	6
750	200	20	2	7
687	200	20	2	7
531	200	20	2	7
531	200	20	2	7
453	200	20	2	7
359	200	20	2	7
219	200	20	2	7
515	200	20	2	7
469	200	20	2	7
437	200	20	2	7
422	200	20	2	7
422	200	20	2	7
641	200	20	3	9
516	200	20	3	9
516	200	20	3	9
500	200	20	3	9
468	200	20	3	9
391	200	20	3	9
344	200	20	3	9
312	200	20	3	9
265	200	20	3	9
1063	200	20	3	9
546	200	20	3	9
360	200	20	3	9
875	200	20	4	10
656	200	20	4	10
579	200	20	4	10
578	200	20	4	10
515	200	20	4	10
515	200	20	4	10
484	200	20	4	10
407	200	20	4	10
375	200	20	4	10
297	200	20	4	10
344	200	20	4	10
297	200	20	4	10
1344	200	20	5	8
656	200	20	5	8
609	200	20	5	8
532	200	20	5	8
531	200	20	5	8
484	200	20	5	8
312	200	20	5	8
297	200	20	5	8
531	200	20	5	8
422	200	20	5	8
375	200	20	5	8
360	200	20	5	8
547	200	20	6	8
547	200	20	6	8
532	200	20	6	8
531	200	20	6	8
500	200	20	6	8
422	200	20	6	8
344	200	20	6	8
297	200	20	6	8
609	200	20	6	8
500	200	20	6	8
500	200	20	6	8
406	200	20	6	8
563	200	20	7	8
547	200	20	7	8
485	200	20	7	8
484	200	20	7	8
469	200	20	7	8
469	200	20	7	8
437	200	20	7	8
359	200	20	7	8
609	200	20	7	8
437	200	20	7	8
312	200	20	7	8
297	200	20	7	8
688	200	20	8	4
594	200	20	8	4
578	200	20	8	4
453	200	20	8	4
563	200	20	8	4
531	200	20	8	4
500	200	20	8	4
468	200	20	8	4
453	200	20	8	4
375	200	20	8	4
360	200	20	8	4
297	200	20	8	4
640	200	20	9	8
563	200	20	9	8
469	200	20	9	8
438	200	20	9	8
438	200	20	9	8
437	200	20	9	8
406	200	20	9	8
282	200	20	9	8
640	200	20	9	8
516	200	20	9	8
484	200	20	9	8
343	200	20	9	8
625	200	20	10	9
609	200	20	10	9
532	200	20	10	9
516	200	20	10	9
469	200	20	10	9
453	200	20	10	9
437	200	20	10	9
375	200	20	10	9
329	200	20	10	9
562	200	20	10	9
391	200	20	10	9
281	200	20	10	9
625	200	20	11	10
578	200	20	11	10
468	200	20	11	10
453	200	20	11	10
422	200	20	11	10
407	200	20	11	10
391	200	20	11	10
328	200	20	11	10
281	200	20	11	10
265	200	20	11	10
546	200	20	11	10
406	200	20	11	10
563	200	20	12	9
563	200	20	12	9
485	200	20	12	9
469	200	20	12	9
469	200	20	12	9
406	200	20	12	9
390	200	20	12	9
328	200	20	12	9
312	200	20	12	9
953	200	20	12	9
469	200	20	12	9
360	200	20	12	9
781	200	20	13	9
734	200	20	13	9
562	200	20	13	9
562	200	20	13	9
469	200	20	13	9
453	200	20	13	9
453	200	20	13	9
344	200	20	13	9
297	200	20	13	9
594	200	20	13	9
516	200	20	13	9
375	200	20	13	9
594	200	20	14	8
578	200	20	14	8
547	200	20	14	8
500	200	20	14	8
500	200	20	14	8
500	200	20	14	8
422	200	20	14	8
281	200	20	14	8
609	200	20	14	8
547	200	20	14	8
422	200	20	14	8
312	200	20	14	8
532	200	20	15	8
531	200	20	15	8
515	200	20	15	8
453	200	20	15	8
422	200	20	15	8
406	200	20	15	8
391	200	20	15	8
281	200	20	15	8
563	200	20	15	8
485	200	20	15	8
407	200	20	15	8
266	200	20	15	8
672	200	20	16	8
656	200	20	16	8
563	200	20	16	8
531	200	20	16	8
484	200	20	16	8
437	200	20	16	8
437	200	20	16	8
328	200	20	16	8
453	200	20	16	8
391	200	20	16	8
313	200	20	16	8
312	200	20	16	8
1375	200	20	17	10
578	200	20	17	10
547	200	20	17	10
546	200	20	17	10
500	200	20	17	10
437	200	20	17	10
422	200	20	17	10
406	200	20	17	10
313	200	20	17	10
266	200	20	17	10
547	200	20	17	10
437	200	20	17	10
579	200	20	18	7
563	200	20	18	7
531	200	20	18	7
453	200	20	18	7
422	200	20	18	7
391	200	20	18	7
328	200	20	18	7
610	200	20	18	7
515	200	20	18	7
375	200	20	18	7
281	200	20	18	7
281	200	20	18	7
563	200	20	19	9
531	200	20	19	9
531	200	20	19	9
515	200	20	19	9
485	200	20	19	9
468	200	20	19	9
422	200	20	19	9
422	200	20	19	9
407	200	20	19	9
594	200	20	19	9
281	200	20	19	9
281	200	20	19	9
562	200	20	20	9
531	200	20	20	9
500	200	20	20	9
469	200	20	20	9
438	200	20	20	9
422	200	20	20	9
390	200	20	20	9
359	200	20	20	9
282	200	20	20	9
563	200	20	20	9
547	200	20	20	9
328	200	20	20	9
1484	200	20	21	8
1266	200	20	21	8
532	200	20	21	8
500	200	20	21	8
453	200	20	21	8
438	200	20	21	8
422	200	20	21	8
250	200	20	21	8
437	200	20	21	8
422	200	20	21	8
391	200	20	21	8
312	200	20	21	8
625	200	20	22	9
593	200	20	22	9
578	200	20	22	9
562	200	20	22	9
516	200	20	22	9
468	200	20	22	9
453	200	20	22	9
328	200	20	22	9
281	200	20	22	9
516	200	20	22	9
390	200	20	22	9
313	200	20	22	9
563	200	20	23	8
547	200	20	23	8
485	200	20	23	8
469	200	20	23	8
453	200	20	23	8
453	200	20	23	8
422	200	20	23	8
265	200	20	23	8
782	200	20	23	8
531	200	20	23	8
391	200	20	23	8
297	200	20	23	8
734	200	20	24	8
703	200	20	24	8
531	200	20	24	8
469	200	20	24	8
469	200	20	24	8
437	200	20	24	8
343	200	20	24	8
266	200	20	24	8
1062	200	20	24	8
500	200	20	24	8
484	200	20	24	8
312	200	20	24	8
1110	200	20	25	9
1109	200	20	25	9
563	200	20	25	9
547	200	20	25	9
484	200	20	25	9
469	200	20	25	9
468	200	20	25	9
453	200	20	25	9
250	200	20	25	9
454	200	20	25	9
422	200	20	25	9
407	200	20	25	9
656	200	20	26	9
593	200	20	26	9
516	200	20	26	9
500	200	20	26	9
484	200	20	26	9
469	200	20	26	9
438	200	20	26	9
422	200	20	26	9
375	200	20	26	9
594	200	20	26	9
485	200	20	26	9
266	200	20	26	9
625	200	20	27	8
625	200	20	27	8
609	200	20	27	8
516	200	20	27	8
484	200	20	27	8
469	200	20	27	8
406	200	20	27	8
265	200	20	27	8
500	200	20	27	8
485	200	20	27	8
422	200	20	27	8
390	200	20	27	8
594	200	20	28	10
578	200	20	28	10
516	200	20	28	10
469	200	20	28	10
468	200	20	28	10
422	200	20	28	10
406	200	20	28	10
375	200	20	28	10
312	200	20	28	10
250	200	20	28	10
469	200	20	28	10
454	200	20	28	10
593	200	20	29	11
562	200	20	29	11
562	200	20	29	11
532	200	20	29	11
516	200	20	29	11
500	200	20	29	11
484	200	20	29	11
422	200	20	29	11
375	200	20	29	11
313	200	20	29	11
266	200	20	29	11
407	200	20	29	11
641	200	20	30	8
546	200	20	30	8
532	200	20	30	8
531	200	20	30	8
468	200	20	30	8
406	200	20	30	8
390	200	20	30	8
297	200	20	30	8
453	200	20	30	8
422	200	20	30	8
328	200	20	30	8
250	200	20	30	8
640	200	40	2	11
562	200	40	2	11
485	200	40	2	11
438	200	40	2	11
406	200	40	2	11
406	200	40	2	11
359	200	40	2	11
344	200	40	2	11
313	200	40	2	11
297	200	40	2	11
265	200	40	2	11
437	200	40	2	11
1281	200	40	3	12
500	200	40	3	12
485	200	40	3	12
469	200	40	3	12
422	200	40	3	12
421	200	40	3	12
391	200	40	3	12
375	200	40	3	12
360	200	40	3	12
312	200	40	3	12
297	200	40	3	12
297	200	40	3	12
610	200	40	4	11
547	200	40	4	11
516	200	40	4	11
437	200	40	4	11
407	200	40	4	11
406	200	40	4	11
344	200	40	4	11
297	200	40	4	11
297	200	40	4	11
297	200	40	4	11
297	200	40	4	11
797	200	40	4	11
766	200	40	5	12
500	200	40	5	12
484	200	40	5	12
484	200	40	5	12
406	200	40	5	12
406	200	40	5	12
391	200	40	5	12
359	200	40	5	12
313	200	40	5	12
312	200	40	5	12
281	200	40	5	12
265	200	40	5	12
531	200	40	6	12
515	200	40	6	12
484	200	40	6	12
468	200	40	6	12
391	200	40	6	12
375	200	40	6	12
375	200	40	6	12
328	200	40	6	12
297	200	40	6	12
281	200	40	6	12
281	200	40	6	12
266	200	40	6	12
516	200	40	7	12
485	200	40	7	12
485	200	40	7	12
469	200	40	7	12
422	200	40	7	12
406	200	40	7	12
391	200	40	7	12
360	200	40	7	12
312	200	40	7	12
282	200	40	7	12
266	200	40	7	12
250	200	40	7	12
562	200	40	8	12
500	200	40	8	12
469	200	40	8	12
453	200	40	8	12
422	200	40	8	12
391	200	40	8	12
390	200	40	8	12
297	200	40	8	12
281	200	40	8	12
266	200	40	8	12
265	200	40	8	12
250	200	40	8	12
469	200	40	9	10
453	200	40	9	10
453	200	40	9	10
438	200	40	9	10
391	200	40	9	10
343	200	40	9	10
313	200	40	9	10
297	200	40	9	10
282	200	40	9	10
265	200	40	9	10
500	200	40	9	10
437	200	40	9	10
515	200	40	10	11
500	200	40	10	11
500	200	40	10	11
406	200	40	10	11
391	200	40	10	11
391	200	40	10	11
375	200	40	10	11
282	200	40	10	11
281	200	40	10	11
265	200	40	10	11
250	200	40	10	11
250	200	40	10	11
532	200	40	11	11
437	200	40	11	11
422	200	40	11	11
422	200	40	11	11
421	200	40	11	11
406	200	40	11	11
328	200	40	11	11
312	200	40	11	11
282	200	40	11	11
265	200	40	11	11
235	200	40	11	11
500	200	40	11	11
578	200	40	12	11
500	200	40	12	11
484	200	40	12	11
453	200	40	12	11
406	200	40	12	11
391	200	40	12	11
390	200	40	12	11
297	200	40	12	11
281	200	40	12	11
265	200	40	12	11
250	200	40	12	11
266	200	40	12	11
1157	200	40	13	12
500	200	40	13	12
469	200	40	13	12
438	200	40	13	12
422	200	40	13	12
406	200	40	13	12
375	200	40	13	12
328	200	40	13	12
328	200	40	13	12
281	200	40	13	12
281	200	40	13	12
250	200	40	13	12
1094	200	40	14	12
640	200	40	14	12
500	200	40	14	12
406	200	40	14	12
406	200	40	14	12
391	200	40	14	12
359	200	40	14	12
282	200	40	14	12
281	200	40	14	12
266	200	40	14	12
250	200	40	14	12
250	200	40	14	12
500	200	40	15	11
500	200	40	15	11
484	200	40	15	11
438	200	40	15	11
438	200	40	15	11
391	200	40	15	11
343	200	40	15	11
328	200	40	15	11
297	200	40	15	11
281	200	40	15	11
234	200	40	15	11
531	200	40	15	11
516	200	40	16	12
500	200	40	16	12
469	200	40	16	12
406	200	40	16	12
406	200	40	16	12
375	200	40	16	12
360	200	40	16	12
297	200	40	16	12
282	200	40	16	12
282	200	40	16	12
265	200	40	16	12
250	200	40	16	12
563	200	40	17	11
453	200	40	17	11
453	200	40	17	11
453	200	40	17	11
453	200	40	17	11
438	200	40	17	11
406	200	40	17	11
360	200	40	17	11
312	200	40	17	11
296	200	40	17	11
250	200	40	17	11
532	200	40	17	11
562	200	40	18	11
516	200	40	18	11
515	200	40	18	11
437	200	40	18	11
391	200	40	18	11
375	200	40	18	11
375	200	40	18	11
328	200	40	18	11
266	200	40	18	11
250	200	40	18	11
235	200	40	18	11
281	200	40	18	11
594	200	40	19	9
547	200	40	19	9
500	200	40	19	9
500	200	40	19	9
484	200	40	19	9
468	200	40	19	9
375	200	40	19	9
297	200	40	19	9
250	200	40	19	9
547	200	40	19	9
375	200	40	19	9
266	200	40	19	9
578	200	40	20	9
531	200	40	20	9
500	200	40	20	9
407	200	40	20	9
407	200	40	20	9
344	200	40	20	9
312	200	40	20	9
281	200	40	20	9
250	200	40	20	9
421	200	40	20	9
313	200	40	20	9
296	200	40	20	9
1250	200	40	21	10
672	200	40	21	10
532	200	40	21	10
500	200	40	21	10
500	200	40	21	10
468	200	40	21	10
437	200	40	21	10
375	200	40	21	10
312	200	40	21	10
250	200	40	21	10
297	200	40	21	10
250	200	40	21	10
578	200	40	22	12
547	200	40	22	12
500	200	40	22	12
500	200	40	22	12
484	200	40	22	12
469	200	40	22	12
422	200	40	22	12
422	200	40	22	12
406	200	40	22	12
344	200	40	22	12
265	200	40	22	12
235	200	40	22	12
516	200	40	23	10
453	200	40	23	10
438	200	40	23	10
438	200	40	23	10
422	200	40	23	10
390	200	40	23	10
375	200	40	23	10
328	200	40	23	10
266	200	40	23	10
250	200	40	23	10
860	200	40	23	10
546	200	40	23	10
656	200	40	24	12
531	200	40	24	12
516	200	40	24	12
500	200	40	24	12
484	200	40	24	12
406	200	40	24	12
375	200	40	24	12
313	200	40	24	12
281	200	40	24	12
266	200	40	24	12
266	200	40	24	12
250	200	40	24	12
563	200	40	25	11
469	200	40	25	11
469	200	40	25	11
453	200	40	25	11
422	200	40	25	11
390	200	40	25	11
328	200	40	25	11
328	200	40	25	11
281	200	40	25	11
281	200	40	25	11
234	200	40	25	11
500	200	40	25	11
672	200	40	26	11
547	200	40	26	11
547	200	40	26	11
500	200	40	26	11
468	200	40	26	11
406	200	40	26	11
344	200	40	26	11
281	200	40	26	11
250	200	40	26	11
235	200	40	26	11
234	200	40	26	11
391	200	40	26	11
641	200	40	27	10
531	200	40	27	10
500	200	40	27	10
469	200	40	27	10
453	200	40	27	10
406	200	40	27	10
391	200	40	27	10
344	200	40	27	10
266	200	40	27	10
250	200	40	27	10
547	200	40	27	10
360	200	40	27	10
609	200	40	28	11
485	200	40	28	11
484	200	40	28	11
407	200	40	28	11
406	200	40	28	11
391	200	40	28	11
391	200	40	28	11
328	200	40	28	11
312	200	40	28	11
297	200	40	28	11
250	200	40	28	11
281	200	40	28	11
625	200	40	29	10
531	200	40	29	10
468	200	40	29	10
453	200	40	29	10
437	200	40	29	10
422	200	40	29	10
422	200	40	29	10
390	200	40	29	10
281	200	40	29	10
250	200	40	29	10
344	200	40	29	10
266	200	40	29	10
547	200	40	30	11
516	200	40	30	11
469	200	40	30	11
468	200	40	30	11
406	200	40	30	11
406	200	40	30	11
406	200	40	30	11
313	200	40	30	11
297	200	40	30	11
266	200	40	30	11
250	200	40	30	11
265	200	40	30	11
954	300	10	2	5
891	300	10	2	5
672	300	10	2	5
562	300	10	2	5
422	300	10	2	5
766	300	10	2	5
766	300	10	2	5
656	300	10	2	5
640	300	10	2	5
609	300	10	2	5
594	300	10	2	5
469	300	10	2	5
812	300	10	3	6
719	300	10	3	6
640	300	10	3	6
609	300	10	3	6
578	300	10	3	6
547	300	10	3	6
1172	300	10	3	6
766	300	10	3	6
672	300	10	3	6
625	300	10	3	6
593	300	10	3	6
344	300	10	3	6
625	300	10	4	4
625	300	10	4	4
578	300	10	4	4
547	300	10	4	4
953	300	10	4	4
813	300	10	4	4
734	300	10	4	4
672	300	10	4	4
625	300	10	4	4
610	300	10	4	4
484	300	10	4	4
469	300	10	4	4
766	300	10	5	4
640	300	10	5	4
609	300	10	5	4
547	300	10	5	4
828	300	10	5	4
719	300	10	5	4
657	300	10	5	4
594	300	10	5	4
578	300	10	5	4
578	300	10	5	4
531	300	10	5	4
187	300	10	5	4
797	300	10	6	3
766	300	10	6	3
656	300	10	6	3
922	300	10	6	3
687	300	10	6	3
656	300	10	6	3
594	300	10	6	3
578	300	10	6	3
516	300	10	6	3
500	300	10	6	3
500	300	10	6	3
343	300	10	6	3
859	300	10	7	4
672	300	10	7	4
563	300	10	7	4
547	300	10	7	4
734	300	10	7	4
704	300	10	7	4
672	300	10	7	4
672	300	10	7	4
516	300	10	7	4
437	300	10	7	4
329	300	10	7	4
234	300	10	7	4
1219	300	10	8	6
750	300	10	8	6
687	300	10	8	6
640	300	10	8	6
609	300	10	8	6
578	300	10	8	6
954	300	10	8	6
750	300	10	8	6
609	300	10	8	6
515	300	10	8	6
375	300	10	8	6
359	300	10	8	6
844	300	10	9	7
797	300	10	9	7
687	300	10	9	7
610	300	10	9	7
594	300	10	9	7
563	300	10	9	7
375	300	10	9	7
672	300	10	9	7
672	300	10	9	7
578	300	10	9	7
578	300	10	9	7
359	300	10	9	7
859	300	10	10	4
766	300	10	10	4
640	300	10	10	4
313	300	10	10	4
1532	300	10	10	4
688	300	10	10	4
687	300	10	10	4
640	300	10	10	4
562	300	10	10	4
531	300	10	10	4
468	300	10	10	4
454	300	10	10	4
859	300	10	11	3
656	300	10	11	3
360	300	10	11	3
734	300	10	11	3
719	300	10	11	3
672	300	10	11	3
563	300	10	11	3
547	300	10	11	3
547	300	10	11	3
468	300	10	11	3
328	300	10	11	3
219	300	10	11	3
1172	300	10	12	4
734	300	10	12	4
688	300	10	12	4
578	300	10	12	4
766	300	10	12	4
656	300	10	12	4
578	300	10	12	4
532	300	10	12	4
438	300	10	12	4
407	300	10	12	4
375	300	10	12	4
312	300	10	12	4
1469	300	10	13	6
765	300	10	13	6
656	300	10	13	6
641	300	10	13	6
563	300	10	13	6
328	300	10	13	6
703	300	10	13	6
656	300	10	13	6
594	300	10	13	6
593	300	10	13	6
531	300	10	13	6
422	300	10	13	6
796	300	10	14	6
782	300	10	14	6
766	300	10	14	6
703	300	10	14	6
578	300	10	14	6
453	300	10	14	6
719	300	10	14	6
625	300	10	14	6
547	300	10	14	6
468	300	10	14	6
422	300	10	14	6
328	300	10	14	6
797	300	10	15	5
703	300	10	15	5
657	300	10	15	5
578	300	10	15	5
437	300	10	15	5
922	300	10	15	5
703	300	10	15	5
656	300	10	15	5
625	300	10	15	5
562	300	10	15	5
531	300	10	15	5
344	300	10	15	5
735	300	10	16	2
453	300	10	16	2
907	300	10	16	2
750	300	10	16	2
719	300	10	16	2
703	300	10	16	2
703	300	10	16	2
563	300	10	16	2
563	300	10	16	2
563	300	10	16	2
562	300	10	16	2
328	300	10	16	2
828	300	10	17	5
828	300	10	17	5
687	300	10	17	5
656	300	10	17	5
547	300	10	17	5
875	300	10	17	5
703	300	10	17	5
578	300	10	17	5
500	300	10	17	5
406	300	10	17	5
344	300	10	17	5
265	300	10	17	5
875	300	10	18	5
719	300	10	18	5
688	300	10	18	5
593	300	10	18	5
329	300	10	18	5
813	300	10	18	5
766	300	10	18	5
578	300	10	18	5
563	300	10	18	5
406	300	10	18	5
375	300	10	18	5
359	300	10	18	5
1125	300	10	19	7
687	300	10	19	7
547	300	10	19	7
516	300	10	19	7
391	300	10	19	7
360	300	10	19	7
359	300	10	19	7
828	300	10	19	7
672	300	10	19	7
671	300	10	19	7
609	300	10	19	7
437	300	10	19	7
906	300	10	20	6
704	300	10	20	6
594	300	10	20	6
578	300	10	20	6
500	300	10	20	6
391	300	10	20	6
734	300	10	20	6
609	300	10	20	6
562	300	10	20	6
500	300	10	20	6
359	300	10	20	6
344	300	10	20	6
656	300	10	21	7
625	300	10	21	7
563	300	10	21	7
485	300	10	21	7
437	300	10	21	7
359	300	10	21	7
313	300	10	21	7
782	300	10	21	7
781	300	10	21	7
625	300	10	21	7
563	300	10	21	7
485	300	10	21	7
687	300	10	22	5
672	300	10	22	5
531	300	10	22	5
484	300	10	22	5
375	300	10	22	5
844	300	10	22	5
687	300	10	22	5
687	300	10	22	5
593	300	10	22	5
500	300	10	22	5
344	300	10	22	5
328	300	10	22	5
688	300	10	23	7
672	300	10	23	7
657	300	10	23	7
641	300	10	23	7
641	300	10	23	7
578	300	10	23	7
422	300	10	23	7
656	300	10	23	7
641	300	10	23	7
640	300	10	23	7
563	300	10	23	7
328	300	10	23	7
797	300	10	24	4
719	300	10	24	4
609	300	10	24	4
562	300	10	24	4
766	300	10	24	4
656	300	10	24	4
547	300	10	24	4
547	300	10	24	4
515	300	10	24	4
406	300	10	24	4
375	300	10	24	4
375	300	10	24	4
719	300	10	25	7
641	300	10	25	7
609	300	10	25	7
609	300	10	25	7
563	300	10	25	7
562	300	10	25	7
531	300	10	25	7
593	300	10	25	7
562	300	10	25	7
453	300	10	25	7
329	300	10	25	7
328	300	10	25	7
782	300	10	26	4
765	300	10	26	4
532	300	10	26	4
422	300	10	26	4
750	300	10	26	4
579	300	10	26	4
547	300	10	26	4
500	300	10	26	4
453	300	10	26	4
375	300	10	26	4
359	300	10	26	4
328	300	10	26	4
719	300	10	27	7
718	300	10	27	7
703	300	10	27	7
687	300	10	27	7
578	300	10	27	7
562	300	10	27	7
484	300	10	27	7
563	300	10	27	7
500	300	10	27	7
438	300	10	27	7
344	300	10	27	7
328	300	10	27	7
2188	300	10	28	6
891	300	10	28	6
703	300	10	28	6
579	300	10	28	6
547	300	10	28	6
344	300	10	28	6
781	300	10	28	6
688	300	10	28	6
641	300	10	28	6
578	300	10	28	6
484	300	10	28	6
422	300	10	28	6
718	300	10	29	7
656	300	10	29	7
625	300	10	29	7
563	300	10	29	7
422	300	10	29	7
360	300	10	29	7
328	300	10	29	7
1328	300	10	29	7
703	300	10	29	7
641	300	10	29	7
640	300	10	29	7
406	300	10	29	7
750	300	10	30	8
750	300	10	30	8
703	300	10	30	8
687	300	10	30	8
500	300	10	30	8
484	300	10	30	8
343	300	10	30	8
312	300	10	30	8
750	300	10	30	8
610	300	10	30	8
438	300	10	30	8
422	300	10	30	8
860	300	20	2	9
610	300	20	2	9
594	300	20	2	9
578	300	20	2	9
563	300	20	2	9
516	300	20	2	9
516	300	20	2	9
484	300	20	2	9
422	300	20	2	9
828	300	20	2	9
672	300	20	2	9
390	300	20	2	9
703	300	20	3	9
671	300	20	3	9
594	300	20	3	9
547	300	20	3	9
531	300	20	3	9
531	300	20	3	9
516	300	20	3	9
437	300	20	3	9
437	300	20	3	9
547	300	20	3	9
453	300	20	3	9
375	300	20	3	9
1813	300	20	4	8
1282	300	20	4	8
750	300	20	4	8
578	300	20	4	8
500	300	20	4	8
469	300	20	4	8
453	300	20	4	8
313	300	20	4	8
563	300	20	4	8
516	300	20	4	8
454	300	20	4	8
375	300	20	4	8
828	300	20	5	8
734	300	20	5	8
703	300	20	5	8
609	300	20	5	8
563	300	20	5	8
546	300	20	5	8
515	300	20	5	8
469	300	20	5	8
500	300	20	5	8
406	300	20	5	8
406	300	20	5	8
328	300	20	5	8
734	300	20	6	8
641	300	20	6	8
625	300	20	6	8
516	300	20	6	8
500	300	20	6	8
468	300	20	6	8
453	300	20	6	8
375	300	20	6	8
1516	300	20	6	8
484	300	20	6	8
375	300	20	6	8
344	300	20	6	8
750	300	20	7	10
609	300	20	7	10
594	300	20	7	10
578	300	20	7	10
563	300	20	7	10
532	300	20	7	10
515	300	20	7	10
485	300	20	7	10
453	300	20	7	10
422	300	20	7	10
500	300	20	7	10
375	300	20	7	10
734	300	20	8	10
688	300	20	8	10
657	300	20	8	10
547	300	20	8	10
531	300	20	8	10
515	300	20	8	10
484	300	20	8	10
484	300	20	8	10
422	300	20	8	10
406	300	20	8	10
594	300	20	8	10
437	300	20	8	10
1234	300	20	9	9
671	300	20	9	9
609	300	20	9	9
579	300	20	9	9
515	300	20	9	9
484	300	20	9	9
469	300	20	9	9
391	300	20	9	9
360	300	20	9	9
578	300	20	9	9
562	300	20	9	9
422	300	20	9	9
703	300	20	10	11
672	300	20	10	11
594	300	20	10	11
578	300	20	10	11
500	300	20	10	11
485	300	20	10	11
484	300	20	10	11
453	300	20	10	11
406	300	20	10	11
375	300	20	10	11
343	300	20	10	11
438	300	20	10	11
688	300	20	11	8
562	300	20	11	8
547	300	20	11	8
547	300	20	11	8
547	300	20	11	8
515	300	20	11	8
469	300	20	11	8
406	300	20	11	8
859	300	20	11	8
594	300	20	11	8
594	300	20	11	8
297	300	20	11	8
796	300	20	12	10
625	300	20	12	10
625	300	20	12	10
516	300	20	12	10
484	300	20	12	10
469	300	20	12	10
437	300	20	12	10
391	300	20	12	10
360	300	20	12	10
297	300	20	12	10
891	300	20	12	10
828	300	20	12	10
1250	300	20	13	10
656	300	20	13	10
562	300	20	13	10
531	300	20	13	10
516	300	20	13	10
500	300	20	13	10
484	300	20	13	10
375	300	20	13	10
359	300	20	13	10
281	300	20	13	10
578	300	20	13	10
500	300	20	13	10
813	300	20	14	10
625	300	20	14	10
579	300	20	14	10
531	300	20	14	10
500	300	20	14	10
485	300	20	14	10
469	300	20	14	10
422	300	20	14	10
375	300	20	14	10
313	300	20	14	10
563	300	20	14	10
391	300	20	14	10
609	300	20	15	9
609	300	20	15	9
578	300	20	15	9
563	300	20	15	9
532	300	20	15	9
516	300	20	15	9
500	300	20	15	9
390	300	20	15	9
390	300	20	15	9
453	300	20	15	9
438	300	20	15	9
297	300	20	15	9
672	300	20	16	8
593	300	20	16	8
562	300	20	16	8
531	300	20	16	8
484	300	20	16	8
484	300	20	16	8
469	300	20	16	8
407	300	20	16	8
500	300	20	16	8
375	300	20	16	8
344	300	20	16	8
281	300	20	16	8
719	300	20	17	8
594	300	20	17	8
547	300	20	17	8
516	300	20	17	8
516	300	20	17	8
500	300	20	17	8
375	300	20	17	8
281	300	20	17	8
875	300	20	17	8
531	300	20	17	8
531	300	20	17	8
359	300	20	17	8
828	300	20	18	9
765	300	20	18	9
625	300	20	18	9
625	300	20	18	9
563	300	20	18	9
531	300	20	18	9
500	300	20	18	9
453	300	20	18	9
359	300	20	18	9
625	300	20	18	9
453	300	20	18	9
297	300	20	18	9
688	300	20	19	8
625	300	20	19	8
562	300	20	19	8
547	300	20	19	8
500	300	20	19	8
453	300	20	19	8
375	300	20	19	8
281	300	20	19	8
594	300	20	19	8
547	300	20	19	8
437	300	20	19	8
360	300	20	19	8
750	300	20	20	9
719	300	20	20	9
656	300	20	20	9
641	300	20	20	9
640	300	20	20	9
547	300	20	20	9
500	300	20	20	9
484	300	20	20	9
375	300	20	20	9
422	300	20	20	9
328	300	20	20	9
282	300	20	20	9
625	300	20	21	9
547	300	20	21	9
547	300	20	21	9
531	300	20	21	9
516	300	20	21	9
500	300	20	21	9
468	300	20	21	9
453	300	20	21	9
375	300	20	21	9
562	300	20	21	9
344	300	20	21	9
281	300	20	21	9
1516	300	20	22	7
657	300	20	22	7
609	300	20	22	7
484	300	20	22	7
469	300	20	22	7
438	300	20	22	7
343	300	20	22	7
500	300	20	22	7
469	300	20	22	7
438	300	20	22	7
328	300	20	22	7
297	300	20	22	7
687	300	20	23	8
562	300	20	23	8
547	300	20	23	8
531	300	20	23	8
484	300	20	23	8
469	300	20	23	8
375	300	20	23	8
297	300	20	23	8
672	300	20	23	8
610	300	20	23	8
578	300	20	23	8
360	300	20	23	8
718	300	20	24	5
656	300	20	24	5
610	300	20	24	5
485	300	20	24	5
328	300	20	24	5
641	300	20	24	5
563	300	20	24	5
500	300	20	24	5
484	300	20	24	5
469	300	20	24	5
312	300	20	24	5
281	300	20	24	5
1250	300	20	25	9
672	300	20	25	9
641	300	20	25	9
547	300	20	25	9
531	300	20	25	9
515	300	20	25	9
500	300	20	25	9
375	300	20	25	9
360	300	20	25	9
719	300	20	25	9
657	300	20	25	9
468	300	20	25	9
656	300	20	26	8
625	300	20	26	8
562	300	20	26	8
547	300	20	26	8
500	300	20	26	8
500	300	20	26	8
485	300	20	26	8
219	300	20	26	8
485	300	20	26	8
453	300	20	26	8
312	300	20	26	8
281	300	20	26	8
671	300	20	27	5
594	300	20	27	5
593	300	20	27	5
531	300	20	27	5
297	300	20	27	5
672	300	20	27	5
657	300	20	27	5
609	300	20	27	5
547	300	20	27	5
500	300	20	27	5
453	300	20	27	5
360	300	20	27	5
1641	300	20	28	7
703	300	20	28	7
672	300	20	28	7
641	300	20	28	7
516	300	20	28	7
500	300	20	28	7
469	300	20	28	7
921	300	20	28	7
516	300	20	28	7
437	300	20	28	7
328	300	20	28	7
296	300	20	28	7
704	300	20	29	6
656	300	20	29	6
593	300	20	29	6
578	300	20	29	6
578	300	20	29	6
313	300	20	29	6
594	300	20	29	6
578	300	20	29	6
516	300	20	29	6
515	300	20	29	6
485	300	20	29	6
312	300	20	29	6
734	300	20	30	6
657	300	20	30	6
563	300	20	30	6
562	300	20	30	6
500	300	20	30	6
297	300	20	30	6
609	300	20	30	6
578	300	20	30	6
562	300	20	30	6
531	300	20	30	6
500	300	20	30	6
313	300	20	30	6
750	300	40	2	11
703	300	40	2	11
687	300	40	2	11
562	300	40	2	11
547	300	40	2	11
531	300	40	2	11
438	300	40	2	11
422	300	40	2	11
360	300	40	2	11
360	300	40	2	11
313	300	40	2	11
375	300	40	2	11
609	300	40	3	10
547	300	40	3	10
500	300	40	3	10
469	300	40	3	10
453	300	40	3	10
437	300	40	3	10
422	300	40	3	10
391	300	40	3	10
375	300	40	3	10
312	300	40	3	10
719	300	40	3	10
531	300	40	3	10
656	300	40	4	12
641	300	40	4	12
578	300	40	4	12
516	300	40	4	12
469	300	40	4	12
453	300	40	4	12
422	300	40	4	12
406	300	40	4	12
391	300	40	4	12
375	300	40	4	12
328	300	40	4	12
313	300	40	4	12
718	300	40	5	11
531	300	40	5	11
500	300	40	5	11
485	300	40	5	11
469	300	40	5	11
453	300	40	5	11
437	300	40	5	11
437	300	40	5	11
421	300	40	5	11
312	300	40	5	11
266	300	40	5	11
516	300	40	5	11
657	300	40	6	12
531	300	40	6	12
484	300	40	6	12
454	300	40	6	12
438	300	40	6	12
437	300	40	6	12
407	300	40	6	12
390	300	40	6	12
375	300	40	6	12
375	300	40	6	12
313	300	40	6	12
265	300	40	6	12
1390	300	40	7	11
562	300	40	7	11
531	300	40	7	11
516	300	40	7	11
469	300	40	7	11
422	300	40	7	11
407	300	40	7	11
360	300	40	7	11
344	300	40	7	11
328	300	40	7	11
266	300	40	7	11
421	300	40	7	11
641	300	40	8	11
532	300	40	8	11
454	300	40	8	11
437	300	40	8	11
422	300	40	8	11
421	300	40	8	11
406	300	40	8	11
359	300	40	8	11
359	300	40	8	11
328	300	40	8	11
297	300	40	8	11
1031	300	40	8	11
578	300	40	9	10
516	300	40	9	10
515	300	40	9	10
500	300	40	9	10
469	300	40	9	10
422	300	40	9	10
406	300	40	9	10
391	300	40	9	10
313	300	40	9	10
265	300	40	9	10
1016	300	40	9	10
391	300	40	9	10
609	300	40	10	11
594	300	40	10	11
547	300	40	10	11
422	300	40	10	11
422	300	40	10	11
406	300	40	10	11
391	300	40	10	11
344	300	40	10	11
328	300	40	10	11
312	300	40	10	11
250	300	40	10	11
422	300	40	10	11
672	300	40	11	10
563	300	40	11	10
516	300	40	11	10
500	300	40	11	10
468	300	40	11	10
468	300	40	11	10
453	300	40	11	10
438	300	40	11	10
343	300	40	11	10
328	300	40	11	10
297	300	40	11	10
282	300	40	11	10
594	300	40	12	12
562	300	40	12	12
500	300	40	12	12
453	300	40	12	12
422	300	40	12	12
422	300	40	12	12
422	300	40	12	12
406	300	40	12	12
359	300	40	12	12
344	300	40	12	12
313	300	40	12	12
265	300	40	12	12
625	300	40	13	12
578	300	40	13	12
500	300	40	13	12
469	300	40	13	12
468	300	40	13	12
438	300	40	13	12
437	300	40	13	12
406	300	40	13	12
406	300	40	13	12
344	300	40	13	12
328	300	40	13	12
235	300	40	13	12
625	300	40	14	11
547	300	40	14	11
531	300	40	14	11
437	300	40	14	11
422	300	40	14	11
407	300	40	14	11
406	300	40	14	11
391	300	40	14	11
375	300	40	14	11
312	300	40	14	11
312	300	40	14	11
281	300	40	14	11
578	300	40	15	12
563	300	40	15	12
453	300	40	15	12
453	300	40	15	12
438	300	40	15	12
422	300	40	15	12
422	300	40	15	12
391	300	40	15	12
360	300	40	15	12
344	300	40	15	12
329	300	40	15	12
265	300	40	15	12
640	300	40	16	12
531	300	40	16	12
500	300	40	16	12
422	300	40	16	12
422	300	40	16	12
406	300	40	16	12
406	300	40	16	12
375	300	40	16	12
328	300	40	16	12
313	300	40	16	12
296	300	40	16	12
250	300	40	16	12
594	300	40	17	11
579	300	40	17	11
547	300	40	17	11
453	300	40	17	11
453	300	40	17	11
422	300	40	17	11
406	300	40	17	11
390	300	40	17	11
343	300	40	17	11
313	300	40	17	11
266	300	40	17	11
391	300	40	17	11
1609	300	40	18	11
656	300	40	18	11
562	300	40	18	11
437	300	40	18	11
422	300	40	18	11
422	300	40	18	11
359	300	40	18	11
328	300	40	18	11
312	300	40	18	11
312	300	40	18	11
266	300	40	18	11
750	300	40	18	11
1547	300	40	19	10
578	300	40	19	10
532	300	40	19	10
485	300	40	19	10
453	300	40	19	10
422	300	40	19	10
422	300	40	19	10
297	300	40	19	10
297	300	40	19	10
265	300	40	19	10
531	300	40	19	10
375	300	40	19	10
719	300	40	20	11
578	300	40	20	11
515	300	40	20	11
453	300	40	20	11
407	300	40	20	11
406	300	40	20	11
390	300	40	20	11
344	300	40	20	11
313	300	40	20	11
297	300	40	20	11
235	300	40	20	11
641	300	40	20	11
594	300	40	21	10
579	300	40	21	10
515	300	40	21	10
469	300	40	21	10
453	300	40	21	10
422	300	40	21	10
406	300	40	21	10
391	300	40	21	10
297	300	40	21	10
250	300	40	21	10
812	300	40	21	10
297	300	40	21	10
828	300	40	22	9
750	300	40	22	9
609	300	40	22	9
531	300	40	22	9
516	300	40	22	9
453	300	40	22	9
437	300	40	22	9
422	300	40	22	9
406	300	40	22	9
344	300	40	22	9
281	300	40	22	9
265	300	40	22	9
547	300	40	23	12
516	300	40	23	12
515	300	40	23	12
469	300	40	23	12
469	300	40	23	12
453	300	40	23	12
453	300	40	23	12
422	300	40	23	12
406	300	40	23	12
313	300	40	23	12
313	300	40	23	12
282	300	40	23	12
641	300	40	24	10
563	300	40	24	10
515	300	40	24	10
422	300	40	24	10
422	300	40	24	10
407	300	40	24	10
375	300	40	24	10
375	300	40	24	10
375	300	40	24	10
328	300	40	24	10
265	300	40	24	10
250	300	40	24	10
594	300	40	25	11
593	300	40	25	11
547	300	40	25	11
453	300	40	25	11
453	300	40	25	11
437	300	40	25	11
391	300	40	25	11
375	300	40	25	11
313	300	40	25	11
312	300	40	25	11
250	300	40	25	11
344	300	40	25	11
688	300	40	26	11
547	300	40	26	11
531	300	40	26	11
453	300	40	26	11
422	300	40	26	11
406	300	40	26	11
375	300	40	26	11
375	300	40	26	11
328	300	40	26	11
297	300	40	26	11
297	300	40	26	11
250	300	40	26	11
516	300	40	27	11
500	300	40	27	11
454	300	40	27	11
453	300	40	27	11
437	300	40	27	11
437	300	40	27	11
422	300	40	27	11
406	300	40	27	11
328	300	40	27	11
313	300	40	27	11
265	300	40	27	11
547	300	40	27	11
750	300	40	28	11
531	300	40	28	11
422	300	40	28	11
391	300	40	28	11
390	300	40	28	11
375	300	40	28	11
344	300	40	28	11
328	300	40	28	11
297	300	40	28	11
297	300	40	28	11
266	300	40	28	11
547	300	40	28	11
625	300	40	29	10
547	300	40	29	10
531	300	40	29	10
453	300	40	29	10
438	300	40	29	10
437	300	40	29	10
406	300	40	29	10
375	300	40	29	10
328	300	40	29	10
281	300	40	29	10
500	300	40	29	10
391	300	40	29	10
578	300	40	30	11
546	300	40	30	11
532	300	40	30	11
453	300	40	30	11
406	300	40	30	11
406	300	40	30	11
375	300	40	30	11
344	300	40	30	11
344	300	40	30	11
312	300	40	30	11
281	300	40	30	11
250	300	40	30	11
