MT	A	W	t	NH
922	100	10	2	6
781	100	10	2	6
734	100	10	2	6
562	100	10	2	6
438	100	10	2	6
328	100	10	2	6
750	100	10	2	6
719	100	10	2	6
516	100	10	2	6
500	100	10	2	6
484	100	10	2	6
453	100	10	2	6
719	100	10	3	5
625	100	10	3	5
468	100	10	3	5
422	100	10	3	5
250	100	10	3	5
531	100	10	3	5
485	100	10	3	5
485	100	10	3	5
453	100	10	3	5
422	100	10	3	5
406	100	10	3	5
250	100	10	3	5
922	100	10	4	7
641	100	10	4	7
641	100	10	4	7
484	100	10	4	7
422	100	10	4	7
359	100	10	4	7
266	100	10	4	7
969	100	10	4	7
688	100	10	4	7
422	100	10	4	7
359	100	10	4	7
266	100	10	4	7
1125	100	10	5	6
547	100	10	5	6
531	100	10	5	6
515	100	10	5	6
485	100	10	5	6
453	100	10	5	6
625	100	10	5	6
578	100	10	5	6
516	100	10	5	6
484	100	10	5	6
265	100	10	5	6
265	100	10	5	6
671	100	10	6	2
640	100	10	6	2
1016	100	10	6	2
531	100	10	6	2
469	100	10	6	2
468	100	10	6	2
453	100	10	6	2
422	100	10	6	2
422	100	10	6	2
422	100	10	6	2
250	100	10	6	2
250	100	10	6	2
610	100	10	7	6
562	100	10	7	6
500	100	10	7	6
485	100	10	7	6
422	100	10	7	6
250	100	10	7	6
1281	100	10	7	6
594	100	10	7	6
516	100	10	7	6
453	100	10	7	6
406	100	10	7	6
219	100	10	7	6
625	100	10	8	6
484	100	10	8	6
453	100	10	8	6
437	100	10	8	6
406	100	10	8	6
281	100	10	8	6
688	100	10	8	6
516	100	10	8	6
422	100	10	8	6
390	100	10	8	6
234	100	10	8	6
188	100	10	8	6
609	100	10	9	7
516	100	10	9	7
516	100	10	9	7
469	100	10	9	7
438	100	10	9	7
344	100	10	9	7
235	100	10	9	7
844	100	10	9	7
687	100	10	9	7
454	100	10	9	7
391	100	10	9	7
250	100	10	9	7
594	100	10	10	7
531	100	10	10	7
500	100	10	10	7
406	100	10	10	7
359	100	10	10	7
328	100	10	10	7
250	100	10	10	7
656	100	10	10	7
546	100	10	10	7
406	100	10	10	7
391	100	10	10	7
219	100	10	10	7
547	100	10	11	4
531	100	10	11	4
328	100	10	11	4
281	100	10	11	4
531	100	10	11	4
500	100	10	11	4
500	100	10	11	4
484	100	10	11	4
391	100	10	11	4
391	100	10	11	4
359	100	10	11	4
235	100	10	11	4
547	100	10	12	5
484	100	10	12	5
438	100	10	12	5
407	100	10	12	5
250	100	10	12	5
594	100	10	12	5
484	100	10	12	5
407	100	10	12	5
406	100	10	12	5
406	100	10	12	5
390	100	10	12	5
250	100	10	12	5
1609	100	10	13	8
578	100	10	13	8
500	100	10	13	8
484	100	10	13	8
437	100	10	13	8
422	100	10	13	8
375	100	10	13	8
250	100	10	13	8
563	100	10	13	8
437	100	10	13	8
421	100	10	13	8
391	100	10	13	8
594	100	10	14	8
578	100	10	14	8
515	100	10	14	8
485	100	10	14	8
391	100	10	14	8
391	100	10	14	8
375	100	10	14	8
250	100	10	14	8
500	100	10	14	8
469	100	10	14	8
375	100	10	14	8
234	100	10	14	8
563	100	10	15	7
562	100	10	15	7
532	100	10	15	7
484	100	10	15	7
422	100	10	15	7
375	100	10	15	7
266	100	10	15	7
610	100	10	15	7
422	100	10	15	7
359	100	10	15	7
312	100	10	15	7
219	100	10	15	7
484	100	10	16	5
469	100	10	16	5
453	100	10	16	5
437	100	10	16	5
234	100	10	16	5
704	100	10	16	5
625	100	10	16	5
438	100	10	16	5
422	100	10	16	5
391	100	10	16	5
391	100	10	16	5
234	100	10	16	5
1359	100	10	17	7
671	100	10	17	7
609	100	10	17	7
453	100	10	17	7
437	100	10	17	7
422	100	10	17	7
235	100	10	17	7
1203	100	10	17	7
515	100	10	17	7
422	100	10	17	7
406	100	10	17	7
219	100	10	17	7
657	100	10	18	4
547	100	10	18	4
485	100	10	18	4
234	100	10	18	4
547	100	10	18	4
531	100	10	18	4
531	100	10	18	4
469	100	10	18	4
407	100	10	18	4
390	100	10	18	4
359	100	10	18	4
234	100	10	18	4
594	100	10	19	7
531	100	10	19	7
515	100	10	19	7
453	100	10	19	7
438	100	10	19	7
437	100	10	19	7
391	100	10	19	7
454	100	10	19	7
422	100	10	19	7
375	100	10	19	7
235	100	10	19	7
203	100	10	19	7
578	100	10	20	6
531	100	10	20	6
484	100	10	20	6
438	100	10	20	6
437	100	10	20	6
375	100	10	20	6
625	100	10	20	6
453	100	10	20	6
422	100	10	20	6
328	100	10	20	6
250	100	10	20	6
235	100	10	20	6
531	100	10	21	5
468	100	10	21	5
437	100	10	21	5
375	100	10	21	5
234	100	10	21	5
579	100	10	21	5
578	100	10	21	5
563	100	10	21	5
516	100	10	21	5
515	100	10	21	5
438	100	10	21	5
312	100	10	21	5
625	100	10	22	5
515	100	10	22	5
437	100	10	22	5
406	100	10	22	5
406	100	10	22	5
516	100	10	22	5
453	100	10	22	5
438	100	10	22	5
422	100	10	22	5
422	100	10	22	5
266	100	10	22	5
250	100	10	22	5
532	100	10	23	4
531	100	10	23	4
516	100	10	23	4
469	100	10	23	4
547	100	10	23	4
421	100	10	23	4
406	100	10	23	4
391	100	10	23	4
391	100	10	23	4
313	100	10	23	4
234	100	10	23	4
219	100	10	23	4
609	100	10	24	5
500	100	10	24	5
454	100	10	24	5
391	100	10	24	5
235	100	10	24	5
593	100	10	24	5
437	100	10	24	5
406	100	10	24	5
391	100	10	24	5
375	100	10	24	5
296	100	10	24	5
235	100	10	24	5
578	100	10	25	7
516	100	10	25	7
516	100	10	25	7
500	100	10	25	7
422	100	10	25	7
282	100	10	25	7
250	100	10	25	7
453	100	10	25	7
437	100	10	25	7
406	100	10	25	7
406	100	10	25	7
218	100	10	25	7
500	100	10	26	7
500	100	10	26	7
484	100	10	26	7
453	100	10	26	7
437	100	10	26	7
391	100	10	26	7
250	100	10	26	7
578	100	10	26	7
453	100	10	26	7
437	100	10	26	7
234	100	10	26	7
219	100	10	26	7
578	100	10	27	8
547	100	10	27	8
454	100	10	27	8
438	100	10	27	8
406	100	10	27	8
375	100	10	27	8
281	100	10	27	8
250	100	10	27	8
515	100	10	27	8
500	100	10	27	8
453	100	10	27	8
234	100	10	27	8
703	100	10	28	7
547	100	10	28	7
515	100	10	28	7
454	100	10	28	7
438	100	10	28	7
390	100	10	28	7
297	100	10	28	7
500	100	10	28	7
438	100	10	28	7
421	100	10	28	7
235	100	10	28	7
234	100	10	28	7
610	100	10	29	8
594	100	10	29	8
500	100	10	29	8
500	100	10	29	8
500	100	10	29	8
438	100	10	29	8
406	100	10	29	8
359	100	10	29	8
516	100	10	29	8
375	100	10	29	8
250	100	10	29	8
203	100	10	29	8
656	100	10	30	7
546	100	10	30	7
453	100	10	30	7
437	100	10	30	7
437	100	10	30	7
407	100	10	30	7
375	100	10	30	7
516	100	10	30	7
453	100	10	30	7
437	100	10	30	7
235	100	10	30	7
219	100	10	30	7
609	100	20	2	10
562	100	20	2	10
468	100	20	2	10
453	100	20	2	10
438	100	20	2	10
390	100	20	2	10
359	100	20	2	10
344	100	20	2	10
328	100	20	2	10
281	100	20	2	10
281	100	20	2	10
266	100	20	2	10
547	100	20	3	9
531	100	20	3	9
437	100	20	3	9
375	100	20	3	9
328	100	20	3	9
328	100	20	3	9
313	100	20	3	9
313	100	20	3	9
250	100	20	3	9
437	100	20	3	9
391	100	20	3	9
390	100	20	3	9
578	100	20	4	11
484	100	20	4	11
469	100	20	4	11
407	100	20	4	11
375	100	20	4	11
360	100	20	4	11
313	100	20	4	11
312	100	20	4	11
312	100	20	4	11
282	100	20	4	11
266	100	20	4	11
407	100	20	4	11
578	100	20	5	11
469	100	20	5	11
406	100	20	5	11
406	100	20	5	11
375	100	20	5	11
344	100	20	5	11
328	100	20	5	11
313	100	20	5	11
282	100	20	5	11
250	100	20	5	11
250	100	20	5	11
407	100	20	5	11
610	100	20	6	11
469	100	20	6	11
468	100	20	6	11
437	100	20	6	11
406	100	20	6	11
359	100	20	6	11
281	100	20	6	11
281	100	20	6	11
281	100	20	6	11
265	100	20	6	11
234	100	20	6	11
297	100	20	6	11
515	100	20	7	10
406	100	20	7	10
375	100	20	7	10
344	100	20	7	10
328	100	20	7	10
328	100	20	7	10
312	100	20	7	10
297	100	20	7	10
266	100	20	7	10
219	100	20	7	10
421	100	20	7	10
407	100	20	7	10
469	100	20	8	8
422	100	20	8	8
407	100	20	8	8
297	100	20	8	8
281	100	20	8	8
250	100	20	8	8
234	100	20	8	8
234	100	20	8	8
890	100	20	8	8
500	100	20	8	8
328	100	20	8	8
297	100	20	8	8
500	100	20	9	11
438	100	20	9	11
391	100	20	9	11
390	100	20	9	11
360	100	20	9	11
343	100	20	9	11
328	100	20	9	11
297	100	20	9	11
281	100	20	9	11
266	100	20	9	11
235	100	20	9	11
516	100	20	9	11
516	100	20	10	10
453	100	20	10	10
453	100	20	10	10
422	100	20	10	10
359	100	20	10	10
297	100	20	10	10
297	100	20	10	10
265	100	20	10	10
250	100	20	10	10
235	100	20	10	10
531	100	20	10	10
234	100	20	10	10
469	100	20	11	8
375	100	20	11	8
375	100	20	11	8
328	100	20	11	8
328	100	20	11	8
296	100	20	11	8
250	100	20	11	8
234	100	20	11	8
797	100	20	11	8
469	100	20	11	8
406	100	20	11	8
297	100	20	11	8
860	100	20	12	10
531	100	20	12	10
468	100	20	12	10
422	100	20	12	10
391	100	20	12	10
297	100	20	12	10
297	100	20	12	10
266	100	20	12	10
250	100	20	12	10
250	100	20	12	10
422	100	20	12	10
219	100	20	12	10
516	100	20	13	11
484	100	20	13	11
437	100	20	13	11
406	100	20	13	11
390	100	20	13	11
329	100	20	13	11
328	100	20	13	11
313	100	20	13	11
297	100	20	13	11
235	100	20	13	11
219	100	20	13	11
672	100	20	13	11
969	100	20	14	10
485	100	20	14	10
453	100	20	14	10
453	100	20	14	10
375	100	20	14	10
328	100	20	14	10
297	100	20	14	10
250	100	20	14	10
234	100	20	14	10
234	100	20	14	10
281	100	20	14	10
265	100	20	14	10
562	100	20	15	10
484	100	20	15	10
469	100	20	15	10
422	100	20	15	10
422	100	20	15	10
344	100	20	15	10
313	100	20	15	10
297	100	20	15	10
250	100	20	15	10
235	100	20	15	10
375	100	20	15	10
281	100	20	15	10
609	100	20	16	10
469	100	20	16	10
422	100	20	16	10
422	100	20	16	10
344	100	20	16	10
265	100	20	16	10
265	100	20	16	10
265	100	20	16	10
234	100	20	16	10
218	100	20	16	10
469	100	20	16	10
297	100	20	16	10
469	100	20	17	10
469	100	20	17	10
469	100	20	17	10
375	100	20	17	10
375	100	20	17	10
359	100	20	17	10
328	100	20	17	10
297	100	20	17	10
250	100	20	17	10
219	100	20	17	10
360	100	20	17	10
344	100	20	17	10
578	100	20	18	10
484	100	20	18	10
453	100	20	18	10
437	100	20	18	10
406	100	20	18	10
344	100	20	18	10
297	100	20	18	10
266	100	20	18	10
235	100	20	18	10
234	100	20	18	10
313	100	20	18	10
313	100	20	18	10
562	100	20	19	10
485	100	20	19	10
422	100	20	19	10
407	100	20	19	10
344	100	20	19	10
328	100	20	19	10
297	100	20	19	10
265	100	20	19	10
250	100	20	19	10
235	100	20	19	10
438	100	20	19	10
312	100	20	19	10
547	100	20	20	10
500	100	20	20	10
438	100	20	20	10
437	100	20	20	10
297	100	20	20	10
281	100	20	20	10
281	100	20	20	10
266	100	20	20	10
250	100	20	20	10
219	100	20	20	10
375	100	20	20	10
328	100	20	20	10
484	100	20	21	10
422	100	20	21	10
390	100	20	21	10
359	100	20	21	10
359	100	20	21	10
328	100	20	21	10
312	100	20	21	10
282	100	20	21	10
265	100	20	21	10
218	100	20	21	10
891	100	20	21	10
266	100	20	21	10
531	100	20	22	8
437	100	20	22	8
437	100	20	22	8
406	100	20	22	8
328	100	20	22	8
281	100	20	22	8
265	100	20	22	8
219	100	20	22	8
328	100	20	22	8
313	100	20	22	8
281	100	20	22	8
281	100	20	22	8
454	100	20	23	12
454	100	20	23	12
438	100	20	23	12
406	100	20	23	12
391	100	20	23	12
375	100	20	23	12
360	100	20	23	12
329	100	20	23	12
313	100	20	23	12
266	100	20	23	12
250	100	20	23	12
234	100	20	23	12
531	100	20	24	12
500	100	20	24	12
453	100	20	24	12
453	100	20	24	12
391	100	20	24	12
344	100	20	24	12
312	100	20	24	12
297	100	20	24	12
296	100	20	24	12
281	100	20	24	12
235	100	20	24	12
219	100	20	24	12
485	100	20	25	10
453	100	20	25	10
406	100	20	25	10
344	100	20	25	10
343	100	20	25	10
343	100	20	25	10
313	100	20	25	10
281	100	20	25	10
219	100	20	25	10
218	100	20	25	10
515	100	20	25	10
328	100	20	25	10
485	100	20	26	10
422	100	20	26	10
375	100	20	26	10
328	100	20	26	10
313	100	20	26	10
297	100	20	26	10
297	100	20	26	10
281	100	20	26	10
250	100	20	26	10
203	100	20	26	10
547	100	20	26	10
407	100	20	26	10
515	100	20	27	11
500	100	20	27	11
421	100	20	27	11
391	100	20	27	11
375	100	20	27	11
344	100	20	27	11
328	100	20	27	11
328	100	20	27	11
266	100	20	27	11
250	100	20	27	11
219	100	20	27	11
1125	100	20	27	11
1031	100	20	28	10
563	100	20	28	10
515	100	20	28	10
391	100	20	28	10
297	100	20	28	10
281	100	20	28	10
281	100	20	28	10
250	100	20	28	10
235	100	20	28	10
219	100	20	28	10
454	100	20	28	10
297	100	20	28	10
500	100	20	29	8
484	100	20	29	8
469	100	20	29	8
391	100	20	29	8
360	100	20	29	8
343	100	20	29	8
297	100	20	29	8
187	100	20	29	8
1203	100	20	29	8
562	100	20	29	8
328	100	20	29	8
219	100	20	29	8
563	100	20	30	11
516	100	20	30	11
500	100	20	30	11
422	100	20	30	11
328	100	20	30	11
313	100	20	30	11
281	100	20	30	11
265	100	20	30	11
250	100	20	30	11
250	100	20	30	11
235	100	20	30	11
359	100	20	30	11
1250	100	40	2	12
516	100	40	2	12
438	100	40	2	12
422	100	40	2	12
344	100	40	2	12
344	100	40	2	12
328	100	40	2	12
313	100	40	2	12
266	100	40	2	12
250	100	40	2	12
250	100	40	2	12
250	100	40	2	12
515	100	40	3	11
485	100	40	3	11
453	100	40	3	11
406	100	40	3	11
359	100	40	3	11
328	100	40	3	11
312	100	40	3	11
282	100	40	3	11
281	100	40	3	11
281	100	40	3	11
250	100	40	3	11
266	100	40	3	11
500	100	40	4	12
406	100	40	4	12
390	100	40	4	12
375	100	40	4	12
329	100	40	4	12
313	100	40	4	12
282	100	40	4	12
281	100	40	4	12
281	100	40	4	12
265	100	40	4	12
235	100	40	4	12
234	100	40	4	12
407	100	40	5	12
391	100	40	5	12
391	100	40	5	12
390	100	40	5	12
344	100	40	5	12
343	100	40	5	12
312	100	40	5	12
297	100	40	5	12
282	100	40	5	12
250	100	40	5	12
250	100	40	5	12
235	100	40	5	12
484	100	40	6	12
422	100	40	6	12
391	100	40	6	12
375	100	40	6	12
343	100	40	6	12
313	100	40	6	12
297	100	40	6	12
281	100	40	6	12
265	100	40	6	12
250	100	40	6	12
234	100	40	6	12
219	100	40	6	12
469	100	40	7	12
469	100	40	7	12
453	100	40	7	12
375	100	40	7	12
329	100	40	7	12
328	100	40	7	12
313	100	40	7	12
297	100	40	7	12
281	100	40	7	12
266	100	40	7	12
265	100	40	7	12
250	100	40	7	12
468	100	40	8	11
390	100	40	8	11
375	100	40	8	11
344	100	40	8	11
328	100	40	8	11
281	100	40	8	11
281	100	40	8	11
250	100	40	8	11
250	100	40	8	11
235	100	40	8	11
234	100	40	8	11
797	100	40	8	11
922	100	40	9	12
422	100	40	9	12
407	100	40	9	12
391	100	40	9	12
328	100	40	9	12
328	100	40	9	12
297	100	40	9	12
282	100	40	9	12
266	100	40	9	12
266	100	40	9	12
265	100	40	9	12
250	100	40	9	12
485	100	40	10	12
453	100	40	10	12
390	100	40	10	12
359	100	40	10	12
328	100	40	10	12
297	100	40	10	12
282	100	40	10	12
266	100	40	10	12
265	100	40	10	12
250	100	40	10	12
234	100	40	10	12
234	100	40	10	12
468	100	40	11	11
453	100	40	11	11
437	100	40	11	11
391	100	40	11	11
359	100	40	11	11
297	100	40	11	11
297	100	40	11	11
281	100	40	11	11
265	100	40	11	11
250	100	40	11	11
235	100	40	11	11
265	100	40	11	11
500	100	40	12	11
453	100	40	12	11
438	100	40	12	11
422	100	40	12	11
328	100	40	12	11
313	100	40	12	11
297	100	40	12	11
266	100	40	12	11
250	100	40	12	11
234	100	40	12	11
219	100	40	12	11
265	100	40	12	11
515	100	40	13	12
422	100	40	13	12
422	100	40	13	12
407	100	40	13	12
360	100	40	13	12
313	100	40	13	12
312	100	40	13	12
281	100	40	13	12
281	100	40	13	12
250	100	40	13	12
250	100	40	13	12
234	100	40	13	12
485	100	40	14	12
422	100	40	14	12
390	100	40	14	12
375	100	40	14	12
328	100	40	14	12
312	100	40	14	12
297	100	40	14	12
281	100	40	14	12
265	100	40	14	12
250	100	40	14	12
250	100	40	14	12
234	100	40	14	12
468	100	40	15	12
406	100	40	15	12
390	100	40	15	12
375	100	40	15	12
297	100	40	15	12
297	100	40	15	12
297	100	40	15	12
297	100	40	15	12
266	100	40	15	12
250	100	40	15	12
235	100	40	15	12
235	100	40	15	12
532	100	40	16	12
453	100	40	16	12
391	100	40	16	12
360	100	40	16	12
328	100	40	16	12
297	100	40	16	12
281	100	40	16	12
266	100	40	16	12
266	100	40	16	12
250	100	40	16	12
235	100	40	16	12
218	100	40	16	12
469	100	40	17	12
422	100	40	17	12
421	100	40	17	12
391	100	40	17	12
344	100	40	17	12
313	100	40	17	12
282	100	40	17	12
281	100	40	17	12
265	100	40	17	12
250	100	40	17	12
235	100	40	17	12
234	100	40	17	12
454	100	40	18	12
438	100	40	18	12
437	100	40	18	12
375	100	40	18	12
328	100	40	18	12
328	100	40	18	12
328	100	40	18	12
297	100	40	18	12
281	100	40	18	12
250	100	40	18	12
234	100	40	18	12
234	100	40	18	12
468	100	40	19	11
437	100	40	19	11
406	100	40	19	11
375	100	40	19	11
375	100	40	19	11
328	100	40	19	11
297	100	40	19	11
281	100	40	19	11
235	100	40	19	11
235	100	40	19	11
219	100	40	19	11
437	100	40	19	11
485	100	40	20	11
438	100	40	20	11
407	100	40	20	11
390	100	40	20	11
390	100	40	20	11
328	100	40	20	11
282	100	40	20	11
281	100	40	20	11
250	100	40	20	11
250	100	40	20	11
218	100	40	20	11
204	100	40	20	11
453	100	40	21	10
437	100	40	21	10
407	100	40	21	10
406	100	40	21	10
375	100	40	21	10
343	100	40	21	10
328	100	40	21	10
266	100	40	21	10
250	100	40	21	10
219	100	40	21	10
453	100	40	21	10
203	100	40	21	10
438	100	40	22	10
406	100	40	22	10
375	100	40	22	10
343	100	40	22	10
328	100	40	22	10
297	100	40	22	10
281	100	40	22	10
250	100	40	22	10
250	100	40	22	10
234	100	40	22	10
235	100	40	22	10
203	100	40	22	10
1234	100	40	23	10
437	100	40	23	10
375	100	40	23	10
375	100	40	23	10
359	100	40	23	10
344	100	40	23	10
344	100	40	23	10
282	100	40	23	10
235	100	40	23	10
234	100	40	23	10
234	100	40	23	10
219	100	40	23	10
516	100	40	24	10
453	100	40	24	10
422	100	40	24	10
391	100	40	24	10
328	100	40	24	10
312	100	40	24	10
281	100	40	24	10
266	100	40	24	10
203	100	40	24	10
203	100	40	24	10
250	100	40	24	10
234	100	40	24	10
500	100	40	25	10
438	100	40	25	10
391	100	40	25	10
375	100	40	25	10
328	100	40	25	10
313	100	40	25	10
297	100	40	25	10
281	100	40	25	10
234	100	40	25	10
218	100	40	25	10
219	100	40	25	10
187	100	40	25	10
469	100	40	26	9
422	100	40	26	9
390	100	40	26	9
375	100	40	26	9
328	100	40	26	9
312	100	40	26	9
282	100	40	26	9
250	100	40	26	9
219	100	40	26	9
375	100	40	26	9
250	100	40	26	9
234	100	40	26	9
516	100	40	27	10
468	100	40	27	10
437	100	40	27	10
390	100	40	27	10
344	100	40	27	10
328	100	40	27	10
313	100	40	27	10
313	100	40	27	10
250	100	40	27	10
250	100	40	27	10
219	100	40	27	10
172	100	40	27	10
453	100	40	28	10
437	100	40	28	10
422	100	40	28	10
391	100	40	28	10
344	100	40	28	10
313	100	40	28	10
297	100	40	28	10
281	100	40	28	10
265	100	40	28	10
219	100	40	28	10
250	100	40	28	10
219	100	40	28	10
1266	100	40	29	10
500	100	40	29	10
453	100	40	29	10
422	100	40	29	10
391	100	40	29	10
328	100	40	29	10
266	100	40	29	10
250	100	40	29	10
235	100	40	29	10
234	100	40	29	10
219	100	40	29	10
188	100	40	29	10
516	100	40	30	9
484	100	40	30	9
422	100	40	30	9
375	100	40	30	9
312	100	40	30	9
297	100	40	30	9
297	100	40	30	9
281	100	40	30	9
219	100	40	30	9
718	100	40	30	9
218	100	40	30	9
203	100	40	30	9
750	200	10	2	2
625	200	10	2	2
968	200	10	2	2
672	200	10	2	2
579	200	10	2	2
563	200	10	2	2
516	200	10	2	2
485	200	10	2	2
484	200	10	2	2
469	200	10	2	2
453	200	10	2	2
359	200	10	2	2
640	200	10	3	6
547	200	10	3	6
469	200	10	3	6
453	200	10	3	6
422	200	10	3	6
282	200	10	3	6
719	200	10	3	6
703	200	10	3	6
594	200	10	3	6
531	200	10	3	6
515	200	10	3	6
281	200	10	3	6
625	200	10	4	5
500	200	10	4	5
469	200	10	4	5
422	200	10	4	5
406	200	10	4	5
1109	200	10	4	5
1094	200	10	4	5
625	200	10	4	5
593	200	10	4	5
547	200	10	4	5
312	200	10	4	5
297	200	10	4	5
640	200	10	5	5
610	200	10	5	5
594	200	10	5	5
406	200	10	5	5
281	200	10	5	5
781	200	10	5	5
704	200	10	5	5
562	200	10	5	5
515	200	10	5	5
453	200	10	5	5
453	200	10	5	5
281	200	10	5	5
813	200	10	6	2
562	200	10	6	2
843	200	10	6	2
625	200	10	6	2
578	200	10	6	2
547	200	10	6	2
531	200	10	6	2
484	200	10	6	2
437	200	10	6	2
407	200	10	6	2
281	200	10	6	2
266	200	10	6	2
656	200	10	7	7
641	200	10	7	7
578	200	10	7	7
547	200	10	7	7
516	200	10	7	7
407	200	10	7	7
281	200	10	7	7
1078	200	10	7	7
734	200	10	7	7
500	200	10	7	7
485	200	10	7	7
281	200	10	7	7
688	200	10	8	5
594	200	10	8	5
547	200	10	8	5
484	200	10	8	5
266	200	10	8	5
813	200	10	8	5
656	200	10	8	5
562	200	10	8	5
484	200	10	8	5
437	200	10	8	5
406	200	10	8	5
266	200	10	8	5
812	200	10	9	8
750	200	10	9	8
640	200	10	9	8
625	200	10	9	8
547	200	10	9	8
516	200	10	9	8
500	200	10	9	8
281	200	10	9	8
594	200	10	9	8
500	200	10	9	8
469	200	10	9	8
266	200	10	9	8
625	200	10	10	2
594	200	10	10	2
891	200	10	10	2
594	200	10	10	2
547	200	10	10	2
547	200	10	10	2
531	200	10	10	2
437	200	10	10	2
422	200	10	10	2
375	200	10	10	2
281	200	10	10	2
281	200	10	10	2
781	200	10	11	5
672	200	10	11	5
578	200	10	11	5
563	200	10	11	5
469	200	10	11	5
562	200	10	11	5
547	200	10	11	5
500	200	10	11	5
453	200	10	11	5
422	200	10	11	5
266	200	10	11	5
250	200	10	11	5
1172	200	10	12	5
547	200	10	12	5
546	200	10	12	5
469	200	10	12	5
312	200	10	12	5
578	200	10	12	5
578	200	10	12	5
531	200	10	12	5
516	200	10	12	5
500	200	10	12	5
469	200	10	12	5
375	200	10	12	5
657	200	10	13	5
609	200	10	13	5
578	200	10	13	5
469	200	10	13	5
282	200	10	13	5
578	200	10	13	5
546	200	10	13	5
454	200	10	13	5
438	200	10	13	5
437	200	10	13	5
437	200	10	13	5
281	200	10	13	5
828	200	10	14	4
610	200	10	14	4
516	200	10	14	4
469	200	10	14	4
891	200	10	14	4
625	200	10	14	4
547	200	10	14	4
546	200	10	14	4
438	200	10	14	4
406	200	10	14	4
297	200	10	14	4
266	200	10	14	4
640	200	10	15	5
610	200	10	15	5
547	200	10	15	5
547	200	10	15	5
250	200	10	15	5
687	200	10	15	5
594	200	10	15	5
500	200	10	15	5
484	200	10	15	5
453	200	10	15	5
390	200	10	15	5
281	200	10	15	5
657	200	10	16	5
609	200	10	16	5
453	200	10	16	5
390	200	10	16	5
281	200	10	16	5
922	200	10	16	5
594	200	10	16	5
532	200	10	16	5
531	200	10	16	5
469	200	10	16	5
375	200	10	16	5
266	200	10	16	5
688	200	10	17	8
687	200	10	17	8
641	200	10	17	8
547	200	10	17	8
515	200	10	17	8
515	200	10	17	8
500	200	10	17	8
281	200	10	17	8
656	200	10	17	8
469	200	10	17	8
407	200	10	17	8
265	200	10	17	8
672	200	10	18	4
594	200	10	18	4
531	200	10	18	4
469	200	10	18	4
781	200	10	18	4
594	200	10	18	4
531	200	10	18	4
516	200	10	18	4
469	200	10	18	4
469	200	10	18	4
282	200	10	18	4
281	200	10	18	4
672	200	10	19	5
609	200	10	19	5
594	200	10	19	5
453	200	10	19	5
453	200	10	19	5
641	200	10	19	5
609	200	10	19	5
578	200	10	19	5
531	200	10	19	5
453	200	10	19	5
282	200	10	19	5
281	200	10	19	5
781	200	10	20	6
656	200	10	20	6
625	200	10	20	6
563	200	10	20	6
485	200	10	20	6
391	200	10	20	6
594	200	10	20	6
547	200	10	20	6
484	200	10	20	6
406	200	10	20	6
312	200	10	20	6
281	200	10	20	6
625	200	10	21	7
610	200	10	21	7
609	200	10	21	7
578	200	10	21	7
578	200	10	21	7
297	200	10	21	7
266	200	10	21	7
984	200	10	21	7
656	200	10	21	7
640	200	10	21	7
422	200	10	21	7
390	200	10	21	7
1032	200	10	22	7
688	200	10	22	7
531	200	10	22	7
516	200	10	22	7
469	200	10	22	7
468	200	10	22	7
437	200	10	22	7
1031	200	10	22	7
640	200	10	22	7
359	200	10	22	7
344	200	10	22	7
265	200	10	22	7
625	200	10	23	5
594	200	10	23	5
500	200	10	23	5
453	200	10	23	5
297	200	10	23	5
703	200	10	23	5
594	200	10	23	5
547	200	10	23	5
516	200	10	23	5
422	200	10	23	5
344	200	10	23	5
297	200	10	23	5
953	200	10	24	5
547	200	10	24	5
500	200	10	24	5
469	200	10	24	5
250	200	10	24	5
687	200	10	24	5
593	200	10	24	5
563	200	10	24	5
500	200	10	24	5
422	200	10	24	5
328	200	10	24	5
266	200	10	24	5
750	200	10	25	5
610	200	10	25	5
484	200	10	25	5
454	200	10	25	5
281	200	10	25	5
687	200	10	25	5
594	200	10	25	5
546	200	10	25	5
469	200	10	25	5
375	200	10	25	5
359	200	10	25	5
266	200	10	25	5
1047	200	10	26	4
657	200	10	26	4
484	200	10	26	4
360	200	10	26	4
2110	200	10	26	4
578	200	10	26	4
515	200	10	26	4
469	200	10	26	4
453	200	10	26	4
406	200	10	26	4
281	200	10	26	4
281	200	10	26	4
687	200	10	27	7
672	200	10	27	7
609	200	10	27	7
578	200	10	27	7
391	200	10	27	7
359	200	10	27	7
266	200	10	27	7
719	200	10	27	7
641	200	10	27	7
469	200	10	27	7
422	200	10	27	7
282	200	10	27	7
813	200	10	28	6
641	200	10	28	6
641	200	10	28	6
468	200	10	28	6
453	200	10	28	6
343	200	10	28	6
609	200	10	28	6
547	200	10	28	6
516	200	10	28	6
468	200	10	28	6
437	200	10	28	6
281	200	10	28	6
703	200	10	29	6
578	200	10	29	6
562	200	10	29	6
438	200	10	29	6
422	200	10	29	6
266	200	10	29	6
687	200	10	29	6
547	200	10	29	6
500	200	10	29	6
469	200	10	29	6
297	200	10	29	6
172	200	10	29	6
1234	200	10	30	4
625	200	10	30	4
547	200	10	30	4
469	200	10	30	4
922	200	10	30	4
578	200	10	30	4
578	200	10	30	4
500	200	10	30	4
484	200	10	30	4
438	200	10	30	4
422	200	10	30	4
250	200	10	30	4
672	200	20	2	12
547	200	20	2	12
532	200	20	2	12
531	200	20	2	12
500	200	20	2	12
484	200	20	2	12
437	200	20	2	12
406	200	20	2	12
344	200	20	2	12
344	200	20	2	12
328	200	20	2	12
297	200	20	2	12
734	200	20	3	11
515	200	20	3	11
500	200	20	3	11
500	200	20	3	11
484	200	20	3	11
469	200	20	3	11
437	200	20	3	11
344	200	20	3	11
312	200	20	3	11
297	200	20	3	11
297	200	20	3	11
438	200	20	3	11
703	200	20	4	9
547	200	20	4	9
500	200	20	4	9
469	200	20	4	9
453	200	20	4	9
344	200	20	4	9
328	200	20	4	9
281	200	20	4	9
281	200	20	4	9
500	200	20	4	9
485	200	20	4	9
469	200	20	4	9
766	200	20	5	12
531	200	20	5	12
531	200	20	5	12
531	200	20	5	12
515	200	20	5	12
469	200	20	5	12
437	200	20	5	12
391	200	20	5	12
360	200	20	5	12
359	200	20	5	12
281	200	20	5	12
281	200	20	5	12
687	200	20	6	7
516	200	20	6	7
453	200	20	6	7
343	200	20	6	7
296	200	20	6	7
266	200	20	6	7
266	200	20	6	7
485	200	20	6	7
469	200	20	6	7
454	200	20	6	7
422	200	20	6	7
360	200	20	6	7
735	200	20	7	8
500	200	20	7	8
484	200	20	7	8
453	200	20	7	8
375	200	20	7	8
328	200	20	7	8
297	200	20	7	8
281	200	20	7	8
515	200	20	7	8
469	200	20	7	8
469	200	20	7	8
344	200	20	7	8
875	200	20	8	9
531	200	20	8	9
516	200	20	8	9
516	200	20	8	9
484	200	20	8	9
469	200	20	8	9
437	200	20	8	9
297	200	20	8	9
281	200	20	8	9
515	200	20	8	9
313	200	20	8	9
266	200	20	8	9
1532	200	20	9	9
609	200	20	9	9
578	200	20	9	9
468	200	20	9	9
453	200	20	9	9
453	200	20	9	9
422	200	20	9	9
297	200	20	9	9
282	200	20	9	9
485	200	20	9	9
359	200	20	9	9
265	200	20	9	9
641	200	20	10	7
547	200	20	10	7
469	200	20	10	7
468	200	20	10	7
328	200	20	10	7
266	200	20	10	7
250	200	20	10	7
562	200	20	10	7
422	200	20	10	7
421	200	20	10	7
391	200	20	10	7
328	200	20	10	7
609	200	20	11	11
578	200	20	11	11
563	200	20	11	11
500	200	20	11	11
454	200	20	11	11
453	200	20	11	11
438	200	20	11	11
390	200	20	11	11
344	200	20	11	11
266	200	20	11	11
265	200	20	11	11
516	200	20	11	11
656	200	20	12	8
500	200	20	12	8
484	200	20	12	8
468	200	20	12	8
453	200	20	12	8
360	200	20	12	8
328	200	20	12	8
265	200	20	12	8
625	200	20	12	8
484	200	20	12	8
359	200	20	12	8
250	200	20	12	8
719	200	20	13	8
593	200	20	13	8
516	200	20	13	8
454	200	20	13	8
453	200	20	13	8
407	200	20	13	8
266	200	20	13	8
266	200	20	13	8
485	200	20	13	8
469	200	20	13	8
359	200	20	13	8
328	200	20	13	8
703	200	20	14	9
547	200	20	14	9
500	200	20	14	9
500	200	20	14	9
484	200	20	14	9
421	200	20	14	9
360	200	20	14	9
297	200	20	14	9
250	200	20	14	9
859	200	20	14	9
468	200	20	14	9
234	200	20	14	9
828	200	20	15	9
500	200	20	15	9
469	200	20	15	9
469	200	20	15	9
453	200	20	15	9
422	200	20	15	9
407	200	20	15	9
266	200	20	15	9
265	200	20	15	9
516	200	20	15	9
344	200	20	15	9
343	200	20	15	9
641	200	20	16	9
516	200	20	16	9
500	200	20	16	9
484	200	20	16	9
469	200	20	16	9
328	200	20	16	9
297	200	20	16	9
250	200	20	16	9
235	200	20	16	9
468	200	20	16	9
453	200	20	16	9
406	200	20	16	9
531	200	20	17	8
500	200	20	17	8
500	200	20	17	8
500	200	20	17	8
391	200	20	17	8
329	200	20	17	8
266	200	20	17	8
265	200	20	17	8
500	200	20	17	8
484	200	20	17	8
437	200	20	17	8
344	200	20	17	8
531	200	20	18	11
531	200	20	18	11
500	200	20	18	11
469	200	20	18	11
454	200	20	18	11
438	200	20	18	11
438	200	20	18	11
343	200	20	18	11
312	200	20	18	11
250	200	20	18	11
250	200	20	18	11
297	200	20	18	11
672	200	20	19	10
531	200	20	19	10
500	200	20	19	10
484	200	20	19	10
453	200	20	19	10
453	200	20	19	10
438	200	20	19	10
313	200	20	19	10
266	200	20	19	10
265	200	20	19	10
640	200	20	19	10
438	200	20	19	10
516	200	20	20	10
500	200	20	20	10
469	200	20	20	10
468	200	20	20	10
453	200	20	20	10
437	200	20	20	10
390	200	20	20	10
281	200	20	20	10
250	200	20	20	10
250	200	20	20	10
719	200	20	20	10
516	200	20	20	10
640	200	20	21	10
531	200	20	21	10
500	200	20	21	10
484	200	20	21	10
453	200	20	21	10
438	200	20	21	10
438	200	20	21	10
437	200	20	21	10
375	200	20	21	10
266	200	20	21	10
500	200	20	21	10
328	200	20	21	10
578	200	20	22	7
500	200	20	22	7
469	200	20	22	7
454	200	20	22	7
406	200	20	22	7
344	200	20	22	7
266	200	20	22	7
500	200	20	22	7
485	200	20	22	7
453	200	20	22	7
313	200	20	22	7
250	200	20	22	7
812	200	20	23	9
500	200	20	23	9
484	200	20	23	9
469	200	20	23	9
453	200	20	23	9
438	200	20	23	9
437	200	20	23	9
328	200	20	23	9
265	200	20	23	9
657	200	20	23	9
516	200	20	23	9
312	200	20	23	9
656	200	20	24	8
500	200	20	24	8
484	200	20	24	8
469	200	20	24	8
454	200	20	24	8
406	200	20	24	8
281	200	20	24	8
266	200	20	24	8
563	200	20	24	8
406	200	20	24	8
391	200	20	24	8
375	200	20	24	8
625	200	20	25	10
594	200	20	25	10
578	200	20	25	10
578	200	20	25	10
484	200	20	25	10
468	200	20	25	10
453	200	20	25	10
438	200	20	25	10
406	200	20	25	10
250	200	20	25	10
828	200	20	25	10
297	200	20	25	10
735	200	20	26	8
625	200	20	26	8
531	200	20	26	8
500	200	20	26	8
485	200	20	26	8
437	200	20	26	8
375	200	20	26	8
344	200	20	26	8
453	200	20	26	8
297	200	20	26	8
250	200	20	26	8
250	200	20	26	8
1125	200	20	27	10
578	200	20	27	10
438	200	20	27	10
437	200	20	27	10
437	200	20	27	10
422	200	20	27	10
328	200	20	27	10
313	200	20	27	10
296	200	20	27	10
250	200	20	27	10
531	200	20	27	10
438	200	20	27	10
610	200	20	28	9
516	200	20	28	9
469	200	20	28	9
453	200	20	28	9
453	200	20	28	9
312	200	20	28	9
312	200	20	28	9
297	200	20	28	9
266	200	20	28	9
641	200	20	28	9
484	200	20	28	9
422	200	20	28	9
578	200	20	29	9
547	200	20	29	9
516	200	20	29	9
515	200	20	29	9
500	200	20	29	9
500	200	20	29	9
422	200	20	29	9
406	200	20	29	9
250	200	20	29	9
891	200	20	29	9
328	200	20	29	9
313	200	20	29	9
594	200	20	30	9
578	200	20	30	9
547	200	20	30	9
484	200	20	30	9
469	200	20	30	9
437	200	20	30	9
406	200	20	30	9
344	200	20	30	9
250	200	20	30	9
531	200	20	30	9
390	200	20	30	9
281	200	20	30	9
610	200	40	2	11
500	200	40	2	11
484	200	40	2	11
484	200	40	2	11
469	200	40	2	11
406	200	40	2	11
360	200	40	2	11
343	200	40	2	11
313	200	40	2	11
313	200	40	2	11
297	200	40	2	11
782	200	40	2	11
843	200	40	3	12
485	200	40	3	12
484	200	40	3	12
469	200	40	3	12
453	200	40	3	12
406	200	40	3	12
375	200	40	3	12
359	200	40	3	12
343	200	40	3	12
328	200	40	3	12
312	200	40	3	12
297	200	40	3	12
547	200	40	4	11
500	200	40	4	11
484	200	40	4	11
438	200	40	4	11
422	200	40	4	11
391	200	40	4	11
344	200	40	4	11
329	200	40	4	11
328	200	40	4	11
297	200	40	4	11
281	200	40	4	11
281	200	40	4	11
547	200	40	5	12
453	200	40	5	12
453	200	40	5	12
438	200	40	5	12
437	200	40	5	12
391	200	40	5	12
359	200	40	5	12
343	200	40	5	12
313	200	40	5	12
313	200	40	5	12
297	200	40	5	12
266	200	40	5	12
578	200	40	6	12
469	200	40	6	12
454	200	40	6	12
437	200	40	6	12
406	200	40	6	12
406	200	40	6	12
344	200	40	6	12
328	200	40	6	12
297	200	40	6	12
281	200	40	6	12
281	200	40	6	12
266	200	40	6	12
500	200	40	7	12
468	200	40	7	12
438	200	40	7	12
406	200	40	7	12
375	200	40	7	12
375	200	40	7	12
359	200	40	7	12
312	200	40	7	12
312	200	40	7	12
297	200	40	7	12
297	200	40	7	12
281	200	40	7	12
609	200	40	8	12
469	200	40	8	12
453	200	40	8	12
453	200	40	8	12
375	200	40	8	12
359	200	40	8	12
344	200	40	8	12
313	200	40	8	12
313	200	40	8	12
281	200	40	8	12
266	200	40	8	12
265	200	40	8	12
531	200	40	9	10
453	200	40	9	10
391	200	40	9	10
390	200	40	9	10
344	200	40	9	10
344	200	40	9	10
343	200	40	9	10
281	200	40	9	10
281	200	40	9	10
266	200	40	9	10
422	200	40	9	10
297	200	40	9	10
610	200	40	10	12
485	200	40	10	12
485	200	40	10	12
469	200	40	10	12
406	200	40	10	12
344	200	40	10	12
328	200	40	10	12
297	200	40	10	12
297	200	40	10	12
281	200	40	10	12
266	200	40	10	12
250	200	40	10	12
1062	200	40	11	12
484	200	40	11	12
469	200	40	11	12
453	200	40	11	12
438	200	40	11	12
343	200	40	11	12
328	200	40	11	12
312	200	40	11	12
297	200	40	11	12
297	200	40	11	12
281	200	40	11	12
281	200	40	11	12
610	200	40	12	11
484	200	40	12	11
453	200	40	12	11
422	200	40	12	11
375	200	40	12	11
375	200	40	12	11
344	200	40	12	11
297	200	40	12	11
266	200	40	12	11
265	200	40	12	11
250	200	40	12	11
344	200	40	12	11
515	200	40	13	11
454	200	40	13	11
438	200	40	13	11
437	200	40	13	11
406	200	40	13	11
375	200	40	13	11
329	200	40	13	11
313	200	40	13	11
282	200	40	13	11
282	200	40	13	11
266	200	40	13	11
266	200	40	13	11
578	200	40	14	10
484	200	40	14	10
468	200	40	14	10
406	200	40	14	10
359	200	40	14	10
343	200	40	14	10
297	200	40	14	10
281	200	40	14	10
265	200	40	14	10
250	200	40	14	10
375	200	40	14	10
312	200	40	14	10
500	200	40	15	11
485	200	40	15	11
469	200	40	15	11
469	200	40	15	11
391	200	40	15	11
344	200	40	15	11
328	200	40	15	11
281	200	40	15	11
281	200	40	15	11
265	200	40	15	11
250	200	40	15	11
297	200	40	15	11
1140	200	40	16	11
563	200	40	16	11
484	200	40	16	11
422	200	40	16	11
390	200	40	16	11
360	200	40	16	11
344	200	40	16	11
297	200	40	16	11
266	200	40	16	11
266	200	40	16	11
235	200	40	16	11
406	200	40	16	11
500	200	40	17	10
500	200	40	17	10
453	200	40	17	10
453	200	40	17	10
406	200	40	17	10
391	200	40	17	10
344	200	40	17	10
328	200	40	17	10
281	200	40	17	10
281	200	40	17	10
563	200	40	17	10
250	200	40	17	10
578	200	40	18	11
469	200	40	18	11
438	200	40	18	11
438	200	40	18	11
359	200	40	18	11
344	200	40	18	11
344	200	40	18	11
328	200	40	18	11
266	200	40	18	11
265	200	40	18	11
250	200	40	18	11
281	200	40	18	11
515	200	40	19	10
484	200	40	19	10
453	200	40	19	10
437	200	40	19	10
359	200	40	19	10
328	200	40	19	10
328	200	40	19	10
312	200	40	19	10
266	200	40	19	10
266	200	40	19	10
328	200	40	19	10
328	200	40	19	10
578	200	40	20	10
453	200	40	20	10
438	200	40	20	10
391	200	40	20	10
359	200	40	20	10
328	200	40	20	10
328	200	40	20	10
281	200	40	20	10
250	200	40	20	10
250	200	40	20	10
484	200	40	20	10
344	200	40	20	10
485	200	40	21	11
485	200	40	21	11
469	200	40	21	11
453	200	40	21	11
422	200	40	21	11
390	200	40	21	11
344	200	40	21	11
313	200	40	21	11
313	200	40	21	11
266	200	40	21	11
266	200	40	21	11
281	200	40	21	11
640	200	40	22	11
484	200	40	22	11
453	200	40	22	11
422	200	40	22	11
360	200	40	22	11
344	200	40	22	11
328	200	40	22	11
313	200	40	22	11
296	200	40	22	11
265	200	40	22	11
265	200	40	22	11
281	200	40	22	11
547	200	40	23	9
485	200	40	23	9
484	200	40	23	9
390	200	40	23	9
328	200	40	23	9
313	200	40	23	9
312	200	40	23	9
266	200	40	23	9
250	200	40	23	9
922	200	40	23	9
390	200	40	23	9
297	200	40	23	9
984	200	40	24	11
578	200	40	24	11
500	200	40	24	11
469	200	40	24	11
391	200	40	24	11
375	200	40	24	11
344	200	40	24	11
328	200	40	24	11
312	200	40	24	11
266	200	40	24	11
265	200	40	24	11
281	200	40	24	11
1093	200	40	25	10
500	200	40	25	10
453	200	40	25	10
422	200	40	25	10
406	200	40	25	10
375	200	40	25	10
343	200	40	25	10
328	200	40	25	10
282	200	40	25	10
266	200	40	25	10
297	200	40	25	10
281	200	40	25	10
516	200	40	26	11
500	200	40	26	11
485	200	40	26	11
453	200	40	26	11
375	200	40	26	11
360	200	40	26	11
344	200	40	26	11
313	200	40	26	11
312	200	40	26	11
266	200	40	26	11
266	200	40	26	11
282	200	40	26	11
531	200	40	27	11
500	200	40	27	11
453	200	40	27	11
438	200	40	27	11
375	200	40	27	11
359	200	40	27	11
328	200	40	27	11
312	200	40	27	11
297	200	40	27	11
281	200	40	27	11
281	200	40	27	11
296	200	40	27	11
562	200	40	28	10
500	200	40	28	10
453	200	40	28	10
422	200	40	28	10
391	200	40	28	10
360	200	40	28	10
328	200	40	28	10
312	200	40	28	10
250	200	40	28	10
250	200	40	28	10
563	200	40	28	10
250	200	40	28	10
532	200	40	29	12
531	200	40	29	12
500	200	40	29	12
469	200	40	29	12
407	200	40	29	12
390	200	40	29	12
375	200	40	29	12
329	200	40	29	12
329	200	40	29	12
282	200	40	29	12
266	200	40	29	12
266	200	40	29	12
531	200	40	30	12
500	200	40	30	12
453	200	40	30	12
437	200	40	30	12
375	200	40	30	12
344	200	40	30	12
343	200	40	30	12
328	200	40	30	12
312	200	40	30	12
281	200	40	30	12
265	200	40	30	12
234	200	40	30	12
828	300	10	2	5
641	300	10	2	5
593	300	10	2	5
469	300	10	2	5
360	300	10	2	5
891	300	10	2	5
672	300	10	2	5
641	300	10	2	5
610	300	10	2	5
578	300	10	2	5
532	300	10	2	5
500	300	10	2	5
843	300	10	3	4
797	300	10	3	4
656	300	10	3	4
359	300	10	3	4
813	300	10	3	4
703	300	10	3	4
687	300	10	3	4
594	300	10	3	4
500	300	10	3	4
500	300	10	3	4
390	300	10	3	4
78	300	10	3	4
1219	300	10	4	4
640	300	10	4	4
563	300	10	4	4
359	300	10	4	4
1172	300	10	4	4
704	300	10	4	4
703	300	10	4	4
593	300	10	4	4
578	300	10	4	4
485	300	10	4	4
438	300	10	4	4
422	300	10	4	4
781	300	10	5	7
718	300	10	5	7
672	300	10	5	7
656	300	10	5	7
610	300	10	5	7
484	300	10	5	7
484	300	10	5	7
719	300	10	5	7
640	300	10	5	7
437	300	10	5	7
391	300	10	5	7
344	300	10	5	7
656	300	10	6	5
547	300	10	6	5
484	300	10	6	5
422	300	10	6	5
328	300	10	6	5
719	300	10	6	5
688	300	10	6	5
657	300	10	6	5
609	300	10	6	5
453	300	10	6	5
453	300	10	6	5
391	300	10	6	5
719	300	10	7	4
703	300	10	7	4
656	300	10	7	4
578	300	10	7	4
766	300	10	7	4
657	300	10	7	4
547	300	10	7	4
547	300	10	7	4
500	300	10	7	4
406	300	10	7	4
391	300	10	7	4
344	300	10	7	4
1985	300	10	8	6
1406	300	10	8	6
641	300	10	8	6
610	300	10	8	6
532	300	10	8	6
468	300	10	8	6
703	300	10	8	6
640	300	10	8	6
437	300	10	8	6
391	300	10	8	6
312	300	10	8	6
312	300	10	8	6
703	300	10	9	5
656	300	10	9	5
546	300	10	9	5
329	300	10	9	5
313	300	10	9	5
765	300	10	9	5
734	300	10	9	5
656	300	10	9	5
609	300	10	9	5
500	300	10	9	5
485	300	10	9	5
468	300	10	9	5
672	300	10	10	5
625	300	10	10	5
594	300	10	10	5
438	300	10	10	5
422	300	10	10	5
938	300	10	10	5
625	300	10	10	5
625	300	10	10	5
485	300	10	10	5
453	300	10	10	5
312	300	10	10	5
297	300	10	10	5
687	300	10	11	5
656	300	10	11	5
625	300	10	11	5
609	300	10	11	5
547	300	10	11	5
734	300	10	11	5
656	300	10	11	5
547	300	10	11	5
484	300	10	11	5
438	300	10	11	5
375	300	10	11	5
344	300	10	11	5
672	300	10	12	4
641	300	10	12	4
594	300	10	12	4
579	300	10	12	4
641	300	10	12	4
532	300	10	12	4
531	300	10	12	4
484	300	10	12	4
437	300	10	12	4
375	300	10	12	4
344	300	10	12	4
297	300	10	12	4
734	300	10	13	8
672	300	10	13	8
593	300	10	13	8
578	300	10	13	8
578	300	10	13	8
500	300	10	13	8
469	300	10	13	8
328	300	10	13	8
812	300	10	13	8
563	300	10	13	8
406	300	10	13	8
296	300	10	13	8
797	300	10	14	9
687	300	10	14	9
672	300	10	14	9
625	300	10	14	9
578	300	10	14	9
531	300	10	14	9
438	300	10	14	9
406	300	10	14	9
329	300	10	14	9
594	300	10	14	9
485	300	10	14	9
297	300	10	14	9
1391	300	10	15	6
750	300	10	15	6
672	300	10	15	6
563	300	10	15	6
500	300	10	15	6
312	300	10	15	6
750	300	10	15	6
703	300	10	15	6
547	300	10	15	6
453	300	10	15	6
422	300	10	15	6
312	300	10	15	6
1000	300	10	16	10
672	300	10	16	10
609	300	10	16	10
609	300	10	16	10
562	300	10	16	10
516	300	10	16	10
515	300	10	16	10
407	300	10	16	10
406	300	10	16	10
281	300	10	16	10
640	300	10	16	10
313	300	10	16	10
657	300	10	17	2
578	300	10	17	2
875	300	10	17	2
734	300	10	17	2
625	300	10	17	2
610	300	10	17	2
594	300	10	17	2
562	300	10	17	2
500	300	10	17	2
422	300	10	17	2
329	300	10	17	2
312	300	10	17	2
641	300	10	18	5
610	300	10	18	5
578	300	10	18	5
500	300	10	18	5
391	300	10	18	5
594	300	10	18	5
500	300	10	18	5
468	300	10	18	5
421	300	10	18	5
328	300	10	18	5
296	300	10	18	5
94	300	10	18	5
1422	300	10	19	5
610	300	10	19	5
531	300	10	19	5
515	300	10	19	5
297	300	10	19	5
671	300	10	19	5
610	300	10	19	5
609	300	10	19	5
594	300	10	19	5
578	300	10	19	5
438	300	10	19	5
438	300	10	19	5
719	300	10	20	7
641	300	10	20	7
625	300	10	20	7
610	300	10	20	7
516	300	10	20	7
453	300	10	20	7
313	300	10	20	7
1125	300	10	20	7
484	300	10	20	7
437	300	10	20	7
391	300	10	20	7
391	300	10	20	7
703	300	10	21	5
672	300	10	21	5
640	300	10	21	5
625	300	10	21	5
516	300	10	21	5
578	300	10	21	5
562	300	10	21	5
500	300	10	21	5
453	300	10	21	5
438	300	10	21	5
406	300	10	21	5
297	300	10	21	5
703	300	10	22	3
610	300	10	22	3
437	300	10	22	3
718	300	10	22	3
687	300	10	22	3
610	300	10	22	3
547	300	10	22	3
500	300	10	22	3
484	300	10	22	3
406	300	10	22	3
375	300	10	22	3
297	300	10	22	3
750	300	10	23	8
672	300	10	23	8
671	300	10	23	8
625	300	10	23	8
500	300	10	23	8
485	300	10	23	8
406	300	10	23	8
328	300	10	23	8
672	300	10	23	8
562	300	10	23	8
531	300	10	23	8
296	300	10	23	8
891	300	10	24	9
750	300	10	24	9
657	300	10	24	9
641	300	10	24	9
594	300	10	24	9
594	300	10	24	9
515	300	10	24	9
453	300	10	24	9
422	300	10	24	9
687	300	10	24	9
328	300	10	24	9
282	300	10	24	9
797	300	10	25	8
703	300	10	25	8
594	300	10	25	8
547	300	10	25	8
531	300	10	25	8
500	300	10	25	8
485	300	10	25	8
297	300	10	25	8
656	300	10	25	8
656	300	10	25	8
438	300	10	25	8
344	300	10	25	8
1062	300	10	26	7
656	300	10	26	7
563	300	10	26	7
562	300	10	26	7
516	300	10	26	7
484	300	10	26	7
328	300	10	26	7
562	300	10	26	7
562	300	10	26	7
437	300	10	26	7
406	300	10	26	7
281	300	10	26	7
766	300	10	27	8
704	300	10	27	8
563	300	10	27	8
547	300	10	27	8
532	300	10	27	8
531	300	10	27	8
469	300	10	27	8
312	300	10	27	8
735	300	10	27	8
579	300	10	27	8
406	300	10	27	8
328	300	10	27	8
594	300	10	28	5
562	300	10	28	5
547	300	10	28	5
328	300	10	28	5
266	300	10	28	5
1047	300	10	28	5
609	300	10	28	5
562	300	10	28	5
531	300	10	28	5
500	300	10	28	5
484	300	10	28	5
453	300	10	28	5
672	300	10	29	4
547	300	10	29	4
500	300	10	29	4
438	300	10	29	4
750	300	10	29	4
656	300	10	29	4
641	300	10	29	4
531	300	10	29	4
531	300	10	29	4
485	300	10	29	4
328	300	10	29	4
297	300	10	29	4
922	300	10	30	3
734	300	10	30	3
609	300	10	30	3
625	300	10	30	3
625	300	10	30	3
547	300	10	30	3
532	300	10	30	3
484	300	10	30	3
453	300	10	30	3
406	300	10	30	3
391	300	10	30	3
281	300	10	30	3
938	300	20	2	9
750	300	20	2	9
688	300	20	2	9
516	300	20	2	9
500	300	20	2	9
469	300	20	2	9
406	300	20	2	9
406	300	20	2	9
375	300	20	2	9
531	300	20	2	9
500	300	20	2	9
312	300	20	2	9
718	300	20	3	7
578	300	20	3	7
578	300	20	3	7
500	300	20	3	7
407	300	20	3	7
375	300	20	3	7
344	300	20	3	7
672	300	20	3	7
625	300	20	3	7
562	300	20	3	7
484	300	20	3	7
359	300	20	3	7
625	300	20	4	12
625	300	20	4	12
610	300	20	4	12
516	300	20	4	12
485	300	20	4	12
484	300	20	4	12
484	300	20	4	12
406	300	20	4	12
406	300	20	4	12
375	300	20	4	12
344	300	20	4	12
344	300	20	4	12
640	300	20	5	6
531	300	20	5	6
515	300	20	5	6
500	300	20	5	6
422	300	20	5	6
344	300	20	5	6
594	300	20	5	6
547	300	20	5	6
531	300	20	5	6
438	300	20	5	6
360	300	20	5	6
359	300	20	5	6
704	300	20	6	8
641	300	20	6	8
563	300	20	6	8
532	300	20	6	8
531	300	20	6	8
516	300	20	6	8
406	300	20	6	8
359	300	20	6	8
563	300	20	6	8
406	300	20	6	8
328	300	20	6	8
312	300	20	6	8
656	300	20	7	10
609	300	20	7	10
594	300	20	7	10
547	300	20	7	10
546	300	20	7	10
500	300	20	7	10
438	300	20	7	10
360	300	20	7	10
328	300	20	7	10
313	300	20	7	10
1203	300	20	7	10
406	300	20	7	10
844	300	20	8	11
640	300	20	8	11
547	300	20	8	11
516	300	20	8	11
500	300	20	8	11
484	300	20	8	11
453	300	20	8	11
391	300	20	8	11
343	300	20	8	11
312	300	20	8	11
312	300	20	8	11
1188	300	20	8	11
563	300	20	9	10
547	300	20	9	10
546	300	20	9	10
531	300	20	9	10
516	300	20	9	10
515	300	20	9	10
437	300	20	9	10
328	300	20	9	10
328	300	20	9	10
313	300	20	9	10
593	300	20	9	10
375	300	20	9	10
750	300	20	10	8
579	300	20	10	8
563	300	20	10	8
515	300	20	10	8
485	300	20	10	8
422	300	20	10	8
329	300	20	10	8
313	300	20	10	8
547	300	20	10	8
453	300	20	10	8
406	300	20	10	8
375	300	20	10	8
1547	300	20	11	10
625	300	20	11	10
547	300	20	11	10
531	300	20	11	10
516	300	20	11	10
500	300	20	11	10
438	300	20	11	10
391	300	20	11	10
328	300	20	11	10
297	300	20	11	10
531	300	20	11	10
328	300	20	11	10
657	300	20	12	8
578	300	20	12	8
531	300	20	12	8
500	300	20	12	8
485	300	20	12	8
375	300	20	12	8
359	300	20	12	8
312	300	20	12	8
609	300	20	12	8
500	300	20	12	8
359	300	20	12	8
328	300	20	12	8
797	300	20	13	8
578	300	20	13	8
500	300	20	13	8
500	300	20	13	8
469	300	20	13	8
406	300	20	13	8
375	300	20	13	8
312	300	20	13	8
922	300	20	13	8
531	300	20	13	8
515	300	20	13	8
391	300	20	13	8
766	300	20	14	9
640	300	20	14	9
516	300	20	14	9
500	300	20	14	9
469	300	20	14	9
468	300	20	14	9
438	300	20	14	9
406	300	20	14	9
359	300	20	14	9
531	300	20	14	9
375	300	20	14	9
313	300	20	14	9
547	300	20	15	3
532	300	20	15	3
438	300	20	15	3
688	300	20	15	3
657	300	20	15	3
641	300	20	15	3
515	300	20	15	3
500	300	20	15	3
484	300	20	15	3
359	300	20	15	3
344	300	20	15	3
312	300	20	15	3
703	300	20	16	5
672	300	20	16	5
657	300	20	16	5
484	300	20	16	5
484	300	20	16	5
578	300	20	16	5
454	300	20	16	5
344	300	20	16	5
344	300	20	16	5
344	300	20	16	5
343	300	20	16	5
282	300	20	16	5
687	300	20	17	10
578	300	20	17	10
531	300	20	17	10
531	300	20	17	10
516	300	20	17	10
500	300	20	17	10
500	300	20	17	10
359	300	20	17	10
328	300	20	17	10
312	300	20	17	10
468	300	20	17	10
360	300	20	17	10
563	300	20	18	7
516	300	20	18	7
515	300	20	18	7
500	300	20	18	7
484	300	20	18	7
360	300	20	18	7
344	300	20	18	7
859	300	20	18	7
547	300	20	18	7
422	300	20	18	7
406	300	20	18	7
281	300	20	18	7
579	300	20	19	7
578	300	20	19	7
516	300	20	19	7
500	300	20	19	7
453	300	20	19	7
328	300	20	19	7
313	300	20	19	7
500	300	20	19	7
468	300	20	19	7
453	300	20	19	7
391	300	20	19	7
390	300	20	19	7
921	300	20	20	9
781	300	20	20	9
625	300	20	20	9
547	300	20	20	9
500	300	20	20	9
469	300	20	20	9
438	300	20	20	9
360	300	20	20	9
343	300	20	20	9
500	300	20	20	9
484	300	20	20	9
281	300	20	20	9
1531	300	20	21	7
1218	300	20	21	7
688	300	20	21	7
578	300	20	21	7
469	300	20	21	7
329	300	20	21	7
313	300	20	21	7
1000	300	20	21	7
562	300	20	21	7
485	300	20	21	7
390	300	20	21	7
328	300	20	21	7
953	300	20	22	8
750	300	20	22	8
750	300	20	22	8
563	300	20	22	8
485	300	20	22	8
469	300	20	22	8
312	300	20	22	8
297	300	20	22	8
547	300	20	22	8
516	300	20	22	8
469	300	20	22	8
297	300	20	22	8
1266	300	20	23	7
656	300	20	23	7
609	300	20	23	7
563	300	20	23	7
562	300	20	23	7
500	300	20	23	7
406	300	20	23	7
437	300	20	23	7
422	300	20	23	7
328	300	20	23	7
296	300	20	23	7
281	300	20	23	7
735	300	20	24	8
547	300	20	24	8
531	300	20	24	8
500	300	20	24	8
438	300	20	24	8
422	300	20	24	8
313	300	20	24	8
266	300	20	24	8
515	300	20	24	8
468	300	20	24	8
391	300	20	24	8
312	300	20	24	8
687	300	20	25	8
594	300	20	25	8
531	300	20	25	8
485	300	20	25	8
469	300	20	25	8
453	300	20	25	8
453	300	20	25	8
297	300	20	25	8
531	300	20	25	8
516	300	20	25	8
360	300	20	25	8
297	300	20	25	8
562	300	20	26	9
531	300	20	26	9
516	300	20	26	9
500	300	20	26	9
484	300	20	26	9
468	300	20	26	9
391	300	20	26	9
328	300	20	26	9
312	300	20	26	9
781	300	20	26	9
422	300	20	26	9
359	300	20	26	9
688	300	20	27	6
531	300	20	27	6
500	300	20	27	6
485	300	20	27	6
485	300	20	27	6
406	300	20	27	6
610	300	20	27	6
578	300	20	27	6
453	300	20	27	6
375	300	20	27	6
344	300	20	27	6
297	300	20	27	6
719	300	20	28	5
609	300	20	28	5
546	300	20	28	5
516	300	20	28	5
469	300	20	28	5
1265	300	20	28	5
766	300	20	28	5
515	300	20	28	5
406	300	20	28	5
390	300	20	28	5
297	300	20	28	5
297	300	20	28	5
672	300	20	29	5
656	300	20	29	5
563	300	20	29	5
515	300	20	29	5
485	300	20	29	5
578	300	20	29	5
485	300	20	29	5
438	300	20	29	5
421	300	20	29	5
297	300	20	29	5
297	300	20	29	5
156	300	20	29	5
969	300	20	30	7
766	300	20	30	7
703	300	20	30	7
531	300	20	30	7
500	300	20	30	7
500	300	20	30	7
437	300	20	30	7
594	300	20	30	7
547	300	20	30	7
516	300	20	30	7
406	300	20	30	7
312	300	20	30	7
797	300	40	2	11
657	300	40	2	11
640	300	40	2	11
594	300	40	2	11
594	300	40	2	11
547	300	40	2	11
547	300	40	2	11
453	300	40	2	11
422	300	40	2	11
422	300	40	2	11
328	300	40	2	11
281	300	40	2	11
625	300	40	3	12
578	300	40	3	12
546	300	40	3	12
531	300	40	3	12
515	300	40	3	12
468	300	40	3	12
453	300	40	3	12
422	300	40	3	12
422	300	40	3	12
375	300	40	3	12
297	300	40	3	12
297	300	40	3	12
594	300	40	4	10
578	300	40	4	10
532	300	40	4	10
500	300	40	4	10
500	300	40	4	10
484	300	40	4	10
391	300	40	4	10
390	300	40	4	10
359	300	40	4	10
343	300	40	4	10
407	300	40	4	10
328	300	40	4	10
672	300	40	5	11
640	300	40	5	11
579	300	40	5	11
563	300	40	5	11
485	300	40	5	11
469	300	40	5	11
468	300	40	5	11
407	300	40	5	11
406	300	40	5	11
329	300	40	5	11
313	300	40	5	11
360	300	40	5	11
578	300	40	6	12
562	300	40	6	12
485	300	40	6	12
484	300	40	6	12
484	300	40	6	12
484	300	40	6	12
438	300	40	6	12
391	300	40	6	12
375	300	40	6	12
312	300	40	6	12
312	300	40	6	12
296	300	40	6	12
578	300	40	7	11
563	300	40	7	11
547	300	40	7	11
484	300	40	7	11
469	300	40	7	11
469	300	40	7	11
468	300	40	7	11
406	300	40	7	11
360	300	40	7	11
343	300	40	7	11
297	300	40	7	11
406	300	40	7	11
609	300	40	8	10
515	300	40	8	10
485	300	40	8	10
469	300	40	8	10
469	300	40	8	10
422	300	40	8	10
391	300	40	8	10
344	300	40	8	10
313	300	40	8	10
312	300	40	8	10
485	300	40	8	10
313	300	40	8	10
641	300	40	9	11
515	300	40	9	11
515	300	40	9	11
500	300	40	9	11
485	300	40	9	11
484	300	40	9	11
422	300	40	9	11
406	300	40	9	11
375	300	40	9	11
328	300	40	9	11
297	300	40	9	11
359	300	40	9	11
562	300	40	10	11
531	300	40	10	11
516	300	40	10	11
500	300	40	10	11
485	300	40	10	11
484	300	40	10	11
422	300	40	10	11
359	300	40	10	11
344	300	40	10	11
297	300	40	10	11
282	300	40	10	11
281	300	40	10	11
578	300	40	11	10
516	300	40	11	10
469	300	40	11	10
469	300	40	11	10
453	300	40	11	10
438	300	40	11	10
437	300	40	11	10
375	300	40	11	10
360	300	40	11	10
328	300	40	11	10
375	300	40	11	10
312	300	40	11	10
641	300	40	12	11
547	300	40	12	11
515	300	40	12	11
500	300	40	12	11
484	300	40	12	11
437	300	40	12	11
421	300	40	12	11
375	300	40	12	11
344	300	40	12	11
343	300	40	12	11
281	300	40	12	11
266	300	40	12	11
547	300	40	13	10
531	300	40	13	10
469	300	40	13	10
469	300	40	13	10
438	300	40	13	10
375	300	40	13	10
375	300	40	13	10
344	300	40	13	10
343	300	40	13	10
313	300	40	13	10
656	300	40	13	10
297	300	40	13	10
656	300	40	14	11
500	300	40	14	11
484	300	40	14	11
469	300	40	14	11
453	300	40	14	11
391	300	40	14	11
359	300	40	14	11
328	300	40	14	11
328	300	40	14	11
328	300	40	14	11
297	300	40	14	11
609	300	40	14	11
625	300	40	15	11
578	300	40	15	11
500	300	40	15	11
500	300	40	15	11
485	300	40	15	11
421	300	40	15	11
407	300	40	15	11
391	300	40	15	11
375	300	40	15	11
344	300	40	15	11
296	300	40	15	11
563	300	40	15	11
579	300	40	16	10
516	300	40	16	10
469	300	40	16	10
469	300	40	16	10
468	300	40	16	10
468	300	40	16	10
359	300	40	16	10
328	300	40	16	10
297	300	40	16	10
281	300	40	16	10
375	300	40	16	10
343	300	40	16	10
703	300	40	17	10
516	300	40	17	10
516	300	40	17	10
500	300	40	17	10
469	300	40	17	10
422	300	40	17	10
391	300	40	17	10
375	300	40	17	10
375	300	40	17	10
344	300	40	17	10
329	300	40	17	10
282	300	40	17	10
547	300	40	18	11
500	300	40	18	11
469	300	40	18	11
469	300	40	18	11
468	300	40	18	11
422	300	40	18	11
391	300	40	18	11
344	300	40	18	11
328	300	40	18	11
312	300	40	18	11
265	300	40	18	11
328	300	40	18	11
609	300	40	19	11
594	300	40	19	11
500	300	40	19	11
484	300	40	19	11
469	300	40	19	11
453	300	40	19	11
422	300	40	19	11
360	300	40	19	11
359	300	40	19	11
328	300	40	19	11
250	300	40	19	11
328	300	40	19	11
609	300	40	20	11
485	300	40	20	11
484	300	40	20	11
453	300	40	20	11
422	300	40	20	11
422	300	40	20	11
422	300	40	20	11
390	300	40	20	11
344	300	40	20	11
313	300	40	20	11
250	300	40	20	11
609	300	40	20	11
610	300	40	21	11
547	300	40	21	11
484	300	40	21	11
469	300	40	21	11
422	300	40	21	11
406	300	40	21	11
406	300	40	21	11
344	300	40	21	11
328	300	40	21	11
297	300	40	21	11
250	300	40	21	11
390	300	40	21	11
578	300	40	22	10
500	300	40	22	10
485	300	40	22	10
453	300	40	22	10
453	300	40	22	10
438	300	40	22	10
391	300	40	22	10
375	300	40	22	10
343	300	40	22	10
328	300	40	22	10
360	300	40	22	10
297	300	40	22	10
656	300	40	23	11
594	300	40	23	11
484	300	40	23	11
469	300	40	23	11
453	300	40	23	11
453	300	40	23	11
407	300	40	23	11
391	300	40	23	11
359	300	40	23	11
359	300	40	23	11
329	300	40	23	11
1328	300	40	23	11
625	300	40	24	10
469	300	40	24	10
469	300	40	24	10
453	300	40	24	10
437	300	40	24	10
390	300	40	24	10
375	300	40	24	10
344	300	40	24	10
328	300	40	24	10
281	300	40	24	10
594	300	40	24	10
281	300	40	24	10
641	300	40	25	11
594	300	40	25	11
500	300	40	25	11
485	300	40	25	11
453	300	40	25	11
422	300	40	25	11
422	300	40	25	11
375	300	40	25	11
375	300	40	25	11
375	300	40	25	11
359	300	40	25	11
282	300	40	25	11
1156	300	40	26	11
656	300	40	26	11
515	300	40	26	11
484	300	40	26	11
453	300	40	26	11
453	300	40	26	11
406	300	40	26	11
391	300	40	26	11
344	300	40	26	11
312	300	40	26	11
312	300	40	26	11
312	300	40	26	11
578	300	40	27	11
469	300	40	27	11
453	300	40	27	11
453	300	40	27	11
453	300	40	27	11
438	300	40	27	11
438	300	40	27	11
437	300	40	27	11
359	300	40	27	11
344	300	40	27	11
313	300	40	27	11
719	300	40	27	11
641	300	40	28	11
485	300	40	28	11
469	300	40	28	11
454	300	40	28	11
453	300	40	28	11
406	300	40	28	11
390	300	40	28	11
375	300	40	28	11
344	300	40	28	11
328	300	40	28	11
328	300	40	28	11
656	300	40	28	11
562	300	40	29	10
469	300	40	29	10
454	300	40	29	10
453	300	40	29	10
453	300	40	29	10
437	300	40	29	10
422	300	40	29	10
359	300	40	29	10
344	300	40	29	10
328	300	40	29	10
359	300	40	29	10
343	300	40	29	10
1656	300	40	30	10
657	300	40	30	10
610	300	40	30	10
500	300	40	30	10
437	300	40	30	10
406	300	40	30	10
406	300	40	30	10
344	300	40	30	10
328	300	40	30	10
313	300	40	30	10
890	300	40	30	10
359	300	40	30	10
