0.5769737
0.6708442
1.111148
0.7283038
0.6224923
0.9106608
1.555484
0.3622097
0.994968
-0.08514816
1.625419
0.3954235
0.7246616
1.476458
1.138827
1.021415
0.8799509
0.6268683
0.857624
1.173345
0.6668917
0.6797787
0.8777451
-0.03772099
1.073703
1.181874
1.067281
0.8044385
0.9147173
1.091946
0.5726394
1.639150
0.2894981
1.456844
0.5614106
1.233809
0.04812064
0.7371543
0.8378544
0.999174
0.27448
0.928149
1.460769
1.153919
1.625953
0.08798678
0.05804424
1.232922
1.043668
0.8710464
0.3923298
0.6312048
0.4238597
1.22298
1.206437
1.456387
0.6232304
0.8761364
1.624115
0.5712973
-0.03128298
1.453186
1.885424
0.4025200
1.352840
1.304313
1.241959
1.243486
1.083747
1.503507
1.770144
0.958625
1.133781
1.167431
1.339009
1.408258
1.529738
1.311306
1.425729
1.522222
0.6993664
1.284721
1.796492
1.641852
1.100357
1.451318
1.271114
0.8352556
1.020097
0.5683617
0.5847017
0.6668618
1.369057
0.4239557
1.15479
1.319862
1.463149
0.4775351
0.455519
1.068928
1.423068
1.186173
2.700218
-0.01327355
0.9465146
0.3866927
1.459273
1.013512
-0.06359575
0.1995925
1.374841
1.360957
0.830885
1.456796
1.293897
0.5741874
0.8274499
1.597838
0.4184218
1.003367
1.705044
1.661371
0.8514805
0.9014132
1.112180
1.258321
0.6103557
1.289895
0.2723228
1.040457
0.9275894
0.9429605
0.618086
1.353670
1.323883
0.2545193
1.310282
0.7283323
1.052409
0.9984615
1.351621
0.7836938
1.382586
1.331176
1.160301
0.2287237
0.5791933
1.122012
0.8183973
1.212542
1.240480
1.585895
1.344655
1.034956
1.605658
-0.4964281
0.1372803
0.7863836
0.8396613
0.6871919
1.218342
0.974327
0.9970475
0.6746758
1.05214
1.346301
0.8577377
1.057117
0.8462675
0.565788
0.9959613
0.891868
1.358143
0.8766528
0.7426454
1.285500
1.475931
0.6714018
1.351386
0.05502726
0.2218471
0.3330605
0.9258458
1.431379
1.007856
0.7405057
1.190759
0.5397923
0.8542885
1.025790
0.673166
0.420218
0.7378282
0.7500328
1.445295
0.7083781
1.232293
0.4639417
0.002450750
0.3007875
0.9761217
1.496919
1.137112
0.3628118
0.2067066
1.115348
1.075624
1.815704
0.5605756
1.225864
1.196078
1.272120
0.8944285
1.682437
0.7292476
0.9553253
0.5924956
0.9391177
0.1293162
2.021543
1.525512
1.035734
1.173013
1.095458
0.4475556
0.9031606
1.226854
0.9425565
1.139853
0.8541613
0.4765399
1.273103
1.208948
1.303714
1.193132
1.846663
0.8652431
1.4864
0.9315542
1.018267
0.5906381
0.864626
0.9503925
0.779102
0.607275
0.8666686
0.9072258
0.7060805
1.285468
1.169773
1.218121
0.3271814
1.132700
0.7549473
1.248507
0.9630591
0.3303312
0.2121337
1.795403
1.141690
0.7811669
1.043018
0.8974283
0.8159988
1.138530
1.592141
0.9787096
0.9829707
1.911132
1.709231
0.1683429
1.153198
0.9330225
1.892628
2.072057
1.973352
1.540984
1.233304
1.354327
1.125358
1.140289
0.9489087
1.759531
0.8795071
0.3036074
0.3931932
1.120691
0.882506
1.810228
1.274022
1.760474
0.4651582
-0.07487826
0.8142006
0.9913996
1.710533
0.640131
0.7303191
1.063868
1.260747
0.4642657
1.155834
1.296517
0.8594675
0.7728106
0.6938993
1.630953
0.5835052
1.521064
1.050529
1.740548
1.275384
1.354759
1.701994
1.025483
0.6681969
0.9395105
1.415411
0.5769981
1.730228
1.379117
1.120836
1.230908
1.043202
0.3272322
1.086481
0.1008124
2.286944
1.398887
1.660420
1.818543
0.5215567
1.792272
0.6587298
1.463526
0.9165426
1.231317
1.103342
1.125736
1.273170
0.686353
0.8602566
0.02374833
0.3612282
1.018440
1.076400
0.5241499
1.9021
1.084300
1.373462
0.6474364
0.8857574
1.577507
0.7317803
1.036021
1.603239
0.4670319
1.007289
0.6327643
1.482829
1.086827
0.9549719
0.5424765
0.2714669
-0.01120521
0.767431
1.358830
0.3731003
0.5641324
0.5019207
1.786142
1.338063
0.8091906
0.3316361
1.169394
1.218719
0.4123451
0.2508943
0.6372324
0.64629
1.080421
0.186919
1.387649
2.024275
1.136641
1.081553
1.122806
0.8020622
0.4233977
1.240500
0.5422152
2.074419
1.194384
0.7379633
0.8774375
0.9000945
1.676703
0.4933486
1.603672
0.5229613
1.059335
0.9615675
0.8859803
1.284475
0.6370392
1.167261
0.5313736
0.932534
1.432410
1.205556
0.4785519
0.4115675
1.021439
1.371695
1.525855
1.604599
1.446758
0.8907757
1.080349
1.095236
1.232245
1.554566
1.466266
0.3279659
1.147618
0.6090785
1.326470
1.326359
0.6917813
0.6758265
0.195519
0.8149074
0.678552
0.4461398
1.883831
1.90274
0.5073922
0.2908422
1.732580
0.07818231
1.024792
0.2519338
0.4756996
1.250782
0.488031
1.591448
1.345291
0.5561474
0.9981694
1.284352
1.007563
-0.4201265
0.851919
1.260052
1.838737
0.7576068
0.2572798
1.907637
0.8832198
1.474477
1.359155
0.6937254
1.839338
0.7297248
1.254894
1.665301
1.211970
0.729833
1.421577
1.586279
0.7433026
1.435653
1.471857
0.9245802
0.5474385
0.705249
1.857867
1.548347
1.208325
1.358616
1.723248
1.394151
1.200064
1.255634
0.783549
0.8315149
1.048771
1.640390
0.915986
0.5038089
0.920461
1.500626
0.7073268
1.331747
1.146737
0.9780138
0.5839848
1.182601
0.8857948
0.9315055
1.472791
0.8916834
1.109293
0.4461649
1.208317
1.359650
1.144292
0.4761776
0.9875352
1.185899
0.371748
1.560659
0.6753225
1.360423
1.447674
0.3594995
0.6861191
0.5923257
0.05590352
1.203413
1.663729
2.006986
1.085884
2.007478
1.181260
1.153323
1.163768
1.504128
0.506122
0.6565308
1.476580
0.944255
0.4059321
0.9362257
1.238488
0.7025772
1.264433
1.100959
0.3570243
0.9347711
0.9028701
1.381487
0.3246994
0.851168
1.347582
0.9598647
0.4298108
0.7831984
1.847987
1.027832
1.233069
1.071822
1.840400
1.088774
1.699800
1.35328
0.8902875
0.8732152
0.475136
1.534052
1.216628
1.147473
1.761998
0.9756167
0.2376092
1.760643
1.024483
0.2954272
0.7821671
0.4048547
1.529920
0.7215839
0.7760344
1.375206
0.3490459
1.820747
0.9117583
1.59258
2.481965
0.8980028
1.353619
1.324008
1.035672
1.094650
0.9641662
1.84186
0.953575
0.6613203
0.4307309
0.5687507
1.061972
1.154235
1.334539
1.182217
0.9470047
1.524309
0.9341393
0.3722425
2.226035
1.046168
0.9645887
0.5238016
0.5145547
2.066157
1.924714
0.1692807
1.489463
1.193888
1.329397
0.4844656
0.4607906
0.3631699
1.171333
0.9666114
1.097295
0.8133844
0.6838934
0.2373527
1.506060
0.4036122
0.986136
2.175580
1.795494
1.072066
1.531015
1.398704
0.6489974
1.094514
0.9431241
0.3665568
0.9158305
1.580233
1.225881
0.2551718
1.896842
0.4817838
-0.05637489
2.274999
1.082498
1.389938
1.549788
1.872657
1.381059
1.029127
1.734917
1.417494
1.789535
0.9309972
1.268235
1.086017
1.155333
0.7732879
1.010275
0.7961974
1.308940
1.075677
1.589740
2.102236
0.8688827
1.238307
0.6870151
1.194027
0.4104743
0.7900053
0.3797151
1.084293
2.015717
1.453407
0.9279151
0.558462
1.496486
1.172314
0.5981767
0.8924504
0.2534393
0.921749
1.657970
0.9587591
0.7082389
1.047550
0.9030911
0.9978104
0.9272031
1.289877
-0.1620532
1.665117
0.7124325
0.5701115
0.9203167
0.2093607
0.1938372
1.585285
0.4706651
1.469667
1.051237
1.709269
0.5133882
0.5382323
0.7363924
1.173787
0.4201794
0.9195197
0.1474771
1.418097
0.7832868
1.734024
0.956881
1.383854
0.8972794
1.061650
0.2286913
0.8442004
1.386431
0.8935128
1.659185
0.8290653
0.5967562
1.341991
0.4768325
1.865640
1.111570
0.9586065
1.242432
1.437956
1.076717
0.9700258
1.187928
1.280600
0.6987511
0.9748124
1.736679
1.061726
0.661452
1.164657
1.54911
0.7904618
0.4266985
1.604299
-0.1043396
0.6335977
0.5553343
0.951925
0.4061398
0.9487334
1.004458
0.3136847
0.7457274
0.6582668
0.8833341
1.359231
1.045057
0.7766279
1.119225
1.484416
1.200239
1.342785
0.1902150
2.151973
1.164798
0.9143357
1.905795
1.226726
0.9403168
1.465425
0.4167496
1.475018
1.194130
1.628614
1.671238
1.483732
0.813235
0.8576008
1.015181
1.220058
1.322713
-0.2633290
0.1271066
0.7889357
1.75667
0.433785
1.575577
1.941987
1.478992
1.135448
0.7102774
0.7924427
1.567718
-0.07961909
1.140553
1.105473
0.5189865
0.987235
0.9600047
1.456725
0.5708743
0.8023387
1.25097
0.4233631
0.05683999
1.038433
0.893805
0.5499295
1.141023
0.5080186
0.7891396
0.3932733
0.4948711
0.3188457
0.4075065
1.001769
0.8244178
1.563417
1.183078
1.805114
0.06415479
0.7606902
0.9255513
1.168109
0.788159
0.7018298
1.128289
0.8192935
1.159267
1.547539
0.897969
0.4455498
0.6639843
0.8290953
0.64583
0.8326512
0.8764645
1.193806
1.046119
1.047805
1.430432
0.5085643
0.722436
1.825667
1.136534
1.290020
1.657974
0.8220662
0.4673698
1.168255
1.159375
1.336911
0.462863
1.284792
0.9841087
1.471927
0.7539526
1.336896
0.3362373
0.8127102
0.7160336
1.405292
0.4900856
1.461133
1.075091
0.7080796
0.1916653
1.455293
0.7845004
0.959934
1.256752
0.6135174
0.8280347
1.117225
0.505266
-0.09847581
0.5982927
0.7022113
1.010263
0.9216383
0.2502382
1.348124
1.236248
1.275587
0.7476813
0.2516823
0.01908536
0.9865323
1.348750
0.8976653
1.121017
1.498812
1.539185
0.2725316
-0.3379946
1.058606
1.281212
0.1469712
1.926891
0.7457696
1.888217
0.9511411
1.407708
0.9448323
0.7628796
1.095809
0.1979569
0.4666337
0.7731056
1.602326
1.540676
0.5265452
1.582147
0.8771428
0.7073938
0.9723764
1.520006
1.127887
0.3809607
0.8260233
1.435744
0.4962095
0.563898
1.836319
0.6576331
1.196110
0.3845431
0.897392
1.575275
0.4700446
0.4443253
1.591348
1.331242
1.167677
0.6160314
1.640900
0.816387
0.7036191
0.706779
1.334067
0.3603436
1.063427
1.635433
1.261888
2.377605
1.21912
1.058486
1.633783
0.5184151
0.2331529
0.8980261
0.6607345
0.403336
1.825069
-0.2426077
0.5596074
1.316859
0.6819805
0.7803241
1.161156
0.3963405
0.3872056
1.086694
0.4851444
1.303507
1.717161
1.307644
0.913332
2.151808
1.712510
1.292150
0.5073435
1.550676
2.36804
-0.02879352
1.631948
0.6031487
0.2394488
1.288554
0.221282
0.489075
0.2880085
1.598676
0.9740764
1.572698
0.6732647
1.463167
0.6722662
0.06305201
0.6239766
0.9530088
1.721248
0.7463528
0.747762
1.210686
1.502646
1.145879
1.204925
1.810582
1.300041
1.197849
0.8788158
0.677747
0.8812611
1.217492
0.9342261
