5.09331
0.4741019
3.879128
7.197597
-2.814527
5.69987
0.01513857
10.58556
1.354773
-2.327866
13.96933
7.840927
-4.302107
6.406945
11.12800
9.511938
9.040136
13.32390
6.632809
7.677514
13.55393
12.23246
12.52575
11.87674
21.55212
22.14415
20.21596
22.87052
22.12809
28.71206
22.71996
28.29691
23.41062
39.35541
29.80533
39.23439
37.68385
44.34372
39.25471
42.05993
48.83177
46.7699
44.23425
43.80056
39.6314
49.25428
41.54287
46.46693
44.15948
50.05907
48.32403
64.78017
46.47241
56.1582
53.00517
52.09558
63.44415
48.39374
48.84559
46.57917
53.17886
40.35906
52.15757
40.40852
49.15064
47.66866
41.29193
53.02423
50.33288
51.28057
50.2453
50.85571
51.51705
38.72333
46.70573
47.7676
37.87832
43.5968
39.99378
43.56892
32.26933
35.98274
38.22915
48.8443
42.0039
41.57438
47.22158
43.14299
46.45699
45.10496
43.40123
46.07478
48.31504
40.41413
35.83083
45.92152
43.85617
43.53142
46.42225
35.25524
37.18758
37.63408
39.49753
33.65233
37.82729
23.66473
33.83227
34.73911
34.98353
31.28962
34.8459
33.30717
36.56551
32.16930
28.11560
33.21781
30.37091
34.45542
33.86582
38.40158
39.13603
38.33968
33.48795
45.74263
47.36578
42.99229
43.86594
40.65909
50.63838
42.29769
52.27681
56.82782
53.71984
58.55563
57.58023
58.97535
58.89523
61.86674
61.32617
70.51628
60.30745
61.76278
58.71356
58.51699
59.11106
61.44249
58.94562
46.85408
50.89224
50.58392
57.14642
39.50704
47.58651
50.33935
38.56614
47.9589
42.32411
45.29531
37.90366
42.78241
42.69581
33.02384
28.01108
33.99383
39.03844
22.85287
35.0691
33.35634
27.59409
31.35856
31.42293
25.78291
31.04198
29.46338
46.39871
45.45279
33.4444
43.63751
40.59588
45.60538
47.92533
42.07553
55.36346
53.42189
59.64734
64.5586
70.10161
76.21445
69.79438
68.67428
90.07001
82.79386
77.61445
80.54314
92.0909
92.42581
97.61874
106.0574
116.4717
127.4262
