-0.02725470
-0.04842095
-0.06572643
-0.06383133
-0.1006495
0.05057296
0.1488981
0.1461253
-0.07365337
-0.2536875
-0.2850561
-0.1405376
0.1622158
0.1157575
0.03627518
0.1765914
0.1164268
0.03619426
-0.1809537
-0.2759308
-0.2296987
0.04173328
0.4186104
0.3116158
-0.009566156
0.08834715
0.1016953
-0.02095797
-0.09668137
-0.1574815
-0.1593553
-0.04357277
-0.05440441
-0.180324
-0.1313501
0.0913507
0.2075477
0.2913532
0.3457038
0.1330042
0.04160054
0.07202602
0.1875092
0.2411334
0.2617037
0.1372272
0.03000936
-0.04564353
0.09568954
0.1277249
0.0907173
-0.003994661
-0.08887425
-0.1417016
0.06551073
0.07080839
-0.02821915
-0.1244390
-0.008158621
0.04890903
-0.1266461
-0.0720097
0.01609584
0.1778873
0.3121353
0.1129571
-0.1476474
-0.3623506
-0.3276975
-0.06534268
0.07112023
-0.02610507
0.00755678
-0.06569276
0.007317193
-0.04800436
0.0356259
0.2719120
0.2490687
0.06155994
-0.07570232
0.01498124
-0.02855473
-0.06961812
-0.2557592
-0.2523608
-0.05705698
-0.02882362
-0.04925346
-0.2182186
-0.2630006
-0.1809139
-0.04364379
-0.01281134
0.1302882
0.1376013
-0.1186118
-0.3379053
-0.3072038
-0.3700972
-0.3345855
-0.3617649
-0.3489318
-0.2511093
-0.1631998
-0.2741730
-0.4050152
-0.4640563
-0.1916206
0.1828728
0.3792773
0.2484113
0.1785327
0.4028594
0.4297459
0.1850153
0.0778421
0.1913326
0.215405
0.1347707
0.1275598
0.2749191
0.2357127
0.0430094
-0.08452411
-0.2756537
-0.2931179
0.0203098
0.03371478
-0.01516429
0.1088051
0.1198579
0.01990749
-0.01133258
0.04178822
0.2703405
0.3516677
0.1294803
-0.003832596
-0.03224131
-0.03193974
0.01622695
-0.01613209
-0.03882352
-0.1268031
-0.01644347
0.002411246
-0.005780637
-0.03883106
0.009583485
-0.01251314
-0.1666331
-0.3198925
-0.1804666
0.03923216
0.09098806
0.05322786
0.1132953
0.3969418
0.4932537
0.3056261
0.05967413
-0.1722606
-0.1121904
-0.1263638
-0.2551471
-0.2201609
-0.1477872
-0.1235669
-0.02033648
0.06613851
-0.004706913
0.01725145
0.1998441
0.05255824
-0.06200294
-0.02639120
0.003638892
-0.2153486
-0.1464637
-0.06517647
-0.1770798
-0.08801719
0.07921234
0.2152847
0.1378795
0.05971714
0.01666179
-0.003643233
0.033761
-0.09326757
-0.1683062
0.009484712
-0.08082395
-0.1393499
-0.2741145
-0.4168724
-0.3050492
-0.2191974
0.09130078
0.2153927
0.003002898
-0.1605914
-0.03979933
0.2174684
0.342326
0.2493342
0.1950076
0.1330414
0.09633725
0.05065555
0.01886787
-0.05210476
-0.01526475
0.146231
0.2955405
0.1781782
0.1455425
0.2283366
0.1516248
-0.01818636
-0.08237383
-0.2047274
-0.1186316
-0.03876838
-0.03265388
-0.1412409
-0.1101642
-0.2209309
-0.1978378
-0.04600633
0.08965828
0.0879988
0.1557416
0.08386855
-0.03542063
-0.1673054
-0.2042173
-0.1425262
-0.03518031
0.1913761
0.2590621
0.01694513
-0.08057138
-0.1511104
-0.1561865
-0.04884437
-0.08739668
-0.1237767
-0.1318632
-0.04459822
-0.08490566
-0.2866571
-0.2738645
-0.1772022
0.01563635
0.2082277
0.4247424
0.2825259
0.009760412
-0.09549627
-0.04884899
-0.07113121
-0.1562569
-0.155648
-0.2961338
-0.2506405
-0.1300475
0.03387191
0.1548364
0.06290358
-0.05412186
0.1297425
0.1684958
-0.1027805
-0.2115336
-0.05766062
0.1531515
0.2508645
0.2563976
0.05680961
-0.1092241
-0.1467518
-0.1010069
0.009563175
-0.07363036
-0.1907630
-0.2904889
-0.2053183
0.008438927
0.02942323
-0.03057165
-0.05980812
-0.07009965
0.006890909
0.0545222
-0.0009871945
-0.1312998
-0.1395434
-0.09430066
