3.508485
4.894988
6.145621
7.596877
8.736196
9.894484
10.90734
11.93390
13.16339
14.13032
14.73382
15.80759
16.42677
17.31180
17.92580
18.23465
18.65956
19.45764
19.70614
19.91435
20.1123
20.48517
20.64673
20.80489
20.95919
20.78013
20.55734
20.51668
20.50650
20.08161
19.62595
19.19884
18.66482
18.26193
17.8061
16.95969
16.37849
15.70718
14.9697
13.95139
13.08511
11.79030
11.10635
9.933125
8.680296
7.336574
6.126726
4.726713
3.610054
2.000147
0.4448003
-1.199411
-2.742029
-4.510474
-6.129806
-8.07476
-9.836865
-12.12371
-13.91762
-16.04916
-18.11408
-20.22161
-22.57665
-24.91896
-27.22251
-29.78790
-32.03438
-34.69875
-37.38790
-39.92577
-42.84259
-45.48587
-48.49444
-51.22708
-54.25092
-57.06406
-60.4498
-63.63301
-66.69612
-70.07793
-73.30987
-76.82448
-80.19686
-83.79625
-87.22975
-90.94828
-94.6926
-98.28701
-102.1677
-106.0135
-109.9355
-113.7475
-118.139
-122.0409
-126.1994
-130.4289
-134.8537
-139.1200
-143.6767
-148.0948
